822 823 0.4
380 381 0.4
380 382 0.4
947 948 0.4
190 723 0.4
185 683 0.4
185 695 0.4
603 940 0.4
139 140 0.4
132 133 0.4
132 134 0.4
257 279 0.4
817 818 0.4
810 811 0.4
810 812 0.4
810 813 0.4
810 822 0.4
810 823 0.4
935 936 0.4
935 937 0.4
493 494 0.4
185 723 0.4
185 724 0.4
161 503 0.4
156 484 0.4
127 128 0.4
16 890 0.4
120 121 0.4
120 122 0.4
120 125 0.4
120 126 0.4
120 176 0.4
120 178 0.4
120 180 0.4
257 384 0.4
257 385 0.4
120 190 0.4
805 806 0.4
805 807 0.4
805 832 0.4
51 52 0.4
51 53 0.4
923 924 0.4
481 482 0.4
481 483 0.4
51 95 0.4
95 97 0.4
25 91 0.4
47 48 0.4
47 49 0.4
47 50 0.4
47 51 0.4
47 52 0.4
47 53 0.4
69 70 0.4
69 71 0.4
69 72 0.4
69 73 0.4
392 740 0.4
358 359 0.4
351 352 0.4
481 585 0.4
911 912 0.4
594 595 0.4
96 100 0.4
103 104 0.4
346 347 0.4
481 663 0.4
481 664 0.4
906 907 0.4
906 908 0.4
906 909 0.4
906 910 0.4
464 465 0.4
589 590 0.4
589 591 0.4
582 583 0.4
582 584 0.4
120 413 0.4
120 466 0.4
115 398 0.4
103 200 0.4
216 217 0.4
452 453 0.4
452 454 0.4
452 455 0.4
582 691 0.4
577 578 0.4
577 579 0.4
570 571 0.4
570 572 0.4
127 532 0.4
127 533 0.4
127 535 0.4
127 536 0.4
127 537 0.4
115 403 0.4
120 553 0.4
120 563 0.4
120 583 0.4
103 398 0.4
216 395 0.4
329 330 0.4
459 584 0.4
447 448 0.4
695 723 0.4
683 684 0.4
96 477 0.4
120 622 0.4
120 623 0.4
120 697 0.4
67 128 0.4
67 183 0.4
67 191 0.4
577 708 0.4
577 709 0.4
553 554 0.4
553 563 0.4
553 564 0.4
553 565 0.4
671 672 0.4
671 673 0.4
671 674 0.4
671 675 0.4
127 725 0.4
120 725 0.4
796 797 0.4
115 622 0.4
120 751 0.4
103 555 0.4
305 306 0.4
435 573 0.4
423 424 0.4
423 425 0.4
548 549 0.4
541 542 0.4
666 672 0.4
666 675 0.4
96 652 0.4
96 653 0.4
96 654 0.4
796 826 0.4
120 825 0.4
120 828 0.4
103 676 0.4
536 537 0.4
654 682 0.4
654 699 0.4
779 780 0.4
772 773 0.4
60 456 0.4
897 898 0.4
897 899 0.4
38 128 0.4
890 891 0.4
890 892 0.4
38 191 0.4
31 183 0.4
524 525 0.4
524 533 0.4
524 558 0.4
654 718 0.4
654 719 0.4
654 720 0.4
96 878 0.4
649 650 0.4
649 664 0.4
654 799 0.4
642 643 0.4
767 768 0.4
52 53 0.4
760 771 0.4
885 886 0.4
74 75 0.4
74 76 0.4
74 77 0.4
74 78 0.4
26 120 0.4
96 97 0.4
96 98 0.4
26 74 0.4
26 75 0.4
26 76 0.4
48 49 0.4
48 50 0.4
48 51 0.4
48 52 0.4
48 53 0.4
519 520 0.4
649 706 0.4
512 513 0.4
512 514 0.4
512 515 0.4
512 516 0.4
195 196 0.4
755 756 0.4
755 761 0.4
507 508 0.4
183 191 0.4
743 744 0.4
868 869 0.4
868 870 0.4
861 868 0.4
861 869 0.4
861 870 0.4
861 889 0.4
406 751 0.4
195 397 0.4
625 716 0.4
178 179 0.4
178 181 0.4
178 183 0.4
178 184 0.4
178 185 0.4
178 187 0.4
178 188 0.4
178 189 0.4
178 190 0.4
613 616 0.4
171 172 0.4
171 174 0.4
171 176 0.4
171 178 0.4
613 631 0.4
613 632 0.4
171 181 0.4
171 184 0.4
171 185 0.4
171 187 0.4
171 189 0.4
171 190 0.4
296 297 0.4
856 857 0.4
856 858 0.4
856 859 0.4
178 207 0.4
183 398 0.4
171 200 0.4
844 845 0.4
969 970 0.4
969 971 0.4
962 963 0.4
183 456 0.4
178 378 0.4
154 155 0.4
279 280 0.4
279 281 0.4
279 282 0.4
714 715 0.4
272 273 0.4
272 274 0.4
272 275 0.4
272 276 0.4
839 840 0.4
279 365 0.4
279 372 0.4
279 373 0.4
279 379 0.4
272 326 0.4
267 268 0.4
267 269 0.4
267 270 0.4
702 703 0.4
397 470 0.4
827 828 0.4
385 386 0.4
820 821 0.4
945 946 0.4
178 553 0.4
178 563 0.4
178 570 0.4
178 571 0.4
279 431 0.4
137 138 0.4
279 478 0.4
130 131 0.4
255 256 0.4
255 257 0.4
815 816 0.4
373 379 0.4
498 499 0.4
491 492 0.4
491 493 0.4
491 494 0.4
178 683 0.4
178 695 0.4
171 695 0.4
279 516 0.4
125 126 0.4
125 128 0.4
125 190 0.4
243 244 0.4
243 245 0.4
815 938 0.4
498 500 0.4
361 362 0.4
361 363 0.4
928 929 0.4
928 930 0.4
928 931 0.4
31 32 0.4
921 922 0.4
921 923 0.4
921 924 0.4
31 95 0.4
75 76 0.4
178 723 0.4
171 723 0.4
97 98 0.4
27 28 0.4
49 50 0.4
49 51 0.4
49 52 0.4
49 53 0.4
49 54 0.4
49 57 0.4
49 64 0.4
49 85 0.4
49 94 0.4
49 95 0.4
49 96 0.4
49 97 0.4
238 239 0.4
238 240 0.4
238 241 0.4
238 242 0.4
373 516 0.4
356 357 0.4
474 475 0.4
474 476 0.4
592 593 0.4
592 595 0.4
279 729 0.4
94 117 0.4
238 329 0.4
238 330 0.4
344 345 0.4
469 470 0.4
469 471 0.4
904 905 0.4
462 463 0.4
587 588 0.4
580 581 0.4
580 582 0.4
580 583 0.4
580 584 0.4
125 466 0.4
82 117 0.4
214 215 0.4
339 340 0.4
339 341 0.4
450 451 0.4
575 576 0.4
693 694 0.4
693 695 0.4
693 696 0.4
202 207 0.4
327 328 0.4
320 321 0.4
445 446 0.4
563 564 0.4
563 565 0.4
693 711 0.4
693 722 0.4
693 723 0.4
688 689 0.4
688 690 0.4
681 691 0.4
681 692 0.4
681 698 0.4
361 860 0.4
315 316 0.4
315 317 0.4
558 559 0.4
558 560 0.4
558 563 0.4
558 567 0.4
693 800 0.4
558 571 0.4
551 552 0.4
676 677 0.4
428 429 0.4
421 422 0.4
546 547 0.4
546 555 0.4
789 790 0.4
789 792 0.4
108 631 0.4
445 739 0.4
534 535 0.4
659 660 0.4
659 666 0.4
659 670 0.4
94 754 0.4
652 653 0.4
652 654 0.4
777 778 0.4
101 739 0.4
895 896 0.4
36 120 0.4
36 197 0.4
416 566 0.4
416 567 0.4
522 531 0.4
647 648 0.4
80 81 0.4
10 32 0.4
640 641 0.4
640 642 0.4
640 643 0.4
640 665 0.4
640 666 0.4
10 82 0.4
765 766 0.4
32 54 0.4
54 55 0.4
54 56 0.4
54 57 0.4
883 884 0.4
54 72 0.4
54 75 0.4
54 85 0.4
54 94 0.4
54 95 0.4
54 97 0.4
202 752 0.4
28 51 0.4
8 189 0.4
8 191 0.4
1 183 0.4
517 518 0.4
517 519 0.4
517 520 0.4
517 527 0.4
510 511 0.4
510 512 0.4
510 513 0.4
510 514 0.4
510 515 0.4
510 516 0.4
193 194 0.4
753 754 0.4
753 755 0.4
753 756 0.4
753 771 0.4
871 872 0.4
871 873 0.4
12 100 0.4
12 117 0.4
12 128 0.4
12 178 0.4
996 997 0.4
996 998 0.4
8 207 0.4
505 506 0.4
505 507 0.4
505 508 0.4
623 624 0.4
623 625 0.4
181 187 0.4
741 742 0.4
871 901 0.4
866 867 0.4
618 619 0.4
618 620 0.4
618 621 0.4
618 622 0.4
618 623 0.4
618 624 0.4
618 625 0.4
176 177 0.4
176 178 0.4
176 184 0.4
176 185 0.4
176 187 0.4
176 189 0.4
176 190 0.4
611 612 0.4
611 613 0.4
854 855 0.4
972 973 0.4
972 974 0.4
8 456 0.4
188 378 0.4
181 398 0.4
289 290 0.4
289 291 0.4
724 725 0.4
724 729 0.4
12 446 0.4
960 961 0.4
960 962 0.4
960 963 0.4
8 571 0.4
181 457 0.4
152 153 0.4
36 751 0.4
282 372 0.4
282 373 0.4
277 278 0.4
12 513 0.4
712 713 0.4
12 553 0.4
12 563 0.4
395 396 0.4
395 397 0.4
830 831 0.4
955 999 0.4
193 654 0.4
193 679 0.4
193 680 0.4
193 682 0.4
193 686 0.4
277 307 0.4
265 266 0.4
700 701 0.4
825 826 0.4
825 827 0.4
825 828 0.4
383 384 0.4
383 385 0.4
383 386 0.4
943 944 0.4
193 718 0.4
193 719 0.4
193 726 0.4
193 757 0.4
188 654 0.4
135 136 0.4
253 254 0.4
176 695 0.4
123 124 0.4
123 125 0.4
123 126 0.4
123 128 0.4
123 185 0.4
253 327 0.4
253 358 0.4
241 242 0.4
808 809 0.4
366 367 0.4
366 368 0.4
801 802 0.4
801 803 0.4
926 927 0.4
484 485 0.4
484 486 0.4
11 12 0.4
11 13 0.4
11 95 0.4
33 34 0.4
33 74 0.4
55 56 0.4
55 57 0.4
176 723 0.4
77 78 0.4
1 31 0.4
1 38 0.4
1 62 0.4
1 63 0.4
1 64 0.4
1 65 0.4
1 66 0.4
1 67 0.4
1 68 0.4
1 69 0.4
1 70 0.4
1 71 0.4
1 72 0.4
1 73 0.4
1 95 0.4
152 588 0.4
29 30 0.4
111 113 0.4
248 380 0.4
248 381 0.4
241 329 0.4
354 355 0.4
479 480 0.4
472 473 0.4
590 591 0.4
99 100 0.4
99 101 0.4
99 105 0.4
99 106 0.4
99 109 0.4
224 225 0.4
224 226 0.4
342 343 0.4
342 369 0.4
909 910 0.4
467 468 0.4
460 461 0.4
585 586 0.4
135 546 0.4
135 547 0.4
219 220 0.4
219 221 0.4
212 213 0.4
337 338 0.4
484 774 0.4
573 574 0.4
698 699 0.4
691 692 0.4
219 384 0.4
342 529 0.4
325 326 0.4
443 444 0.4
568 569 0.4
561 562 0.4
686 687 0.4
686 688 0.4
686 689 0.4
686 690 0.4
236 658 0.4
236 672 0.4
313 314 0.4
438 439 0.4
438 440 0.4
556 559 0.4
556 570 0.4
556 571 0.4
674 675 0.4
123 725 0.4
123 726 0.4
58 189 0.4
308 309 0.4
426 427 0.4
426 458 0.4
426 459 0.4
426 462 0.4
669 670 0.4
799 800 0.4
792 879 0.4
787 788 0.4
51 200 0.4
219 676 0.4
207 555 0.4
414 415 0.4
414 416 0.4
539 540 0.4
532 533 0.4
532 534 0.4
532 535 0.4
532 536 0.4
532 537 0.4
669 736 0.4
532 548 0.4
532 549 0.4
674 877 0.4
662 736 0.4
99 776 0.4
657 658 0.4
657 675 0.4
775 776 0.4
893 894 0.4
34 174 0.4
200 605 0.4
207 683 0.4
34 191 0.4
200 676 0.4
431 739 0.4
527 528 0.4
527 529 0.4
645 646 0.4
645 660 0.4
645 666 0.4
60 61 0.4
645 670 0.4
645 672 0.4
82 83 0.4
763 764 0.4
12 13 0.4
82 92 0.4
12 32 0.4
12 49 0.4
12 54 0.4
12 57 0.4
12 85 0.4
12 95 0.4
12 97 0.4
888 889 0.4
881 882 0.4
34 74 0.4
56 57 0.4
2 38 0.4
2 62 0.4
2 63 0.4
2 64 0.4
2 65 0.4
2 66 0.4
2 67 0.4
2 68 0.4
2 69 0.4
2 70 0.4
2 71 0.4
2 72 0.4
2 73 0.4
6 100 0.4
6 102 0.4
6 103 0.4
6 109 0.4
6 112 0.4
6 172 0.4
6 189 0.4
515 516 0.4
198 199 0.4
633 634 0.4
633 635 0.4
758 759 0.4
758 760 0.4
751 752 0.4
876 877 0.4
876 878 0.4
10 120 0.4
994 995 0.4
503 504 0.4
628 629 0.4
186 189 0.4
186 193 0.4
186 194 0.4
621 622 0.4
621 623 0.4
621 624 0.4
621 625 0.4
864 865 0.4
982 983 0.4
6 398 0.4
0 1 0.4
0 2 0.4
0 3 0.4
0 4 0.4
0 5 0.4
503 649 0.4
616 617 0.4
174 175 0.4
174 176 0.4
174 178 0.4
174 181 0.4
174 184 0.4
174 185 0.4
174 186 0.4
174 187 0.4
174 189 0.4
174 190 0.4
734 735 0.4
734 739 0.4
292 293 0.4
292 294 0.4
22 457 0.4
22 477 0.4
852 853 0.4
977 978 0.4
977 979 0.4
970 971 0.4
414 923 0.4
6 456 0.4
6 457 0.4
6 479 0.4
1 2 0.4
1 3 0.4
1 4 0.4
1 5 0.4
503 739 0.4
503 748 0.4
503 750 0.4
604 610 0.4
604 617 0.4
287 288 0.4
22 550 0.4
22 551 0.4
22 552 0.4
722 723 0.4
280 281 0.4
280 282 0.4
847 848 0.4
847 849 0.4
965 966 0.4
965 967 0.4
2 3 0.4
2 4 0.4
2 5 0.4
169 234 0.4
150 151 0.4
150 191 0.4
275 276 0.4
710 711 0.4
710 712 0.4
710 713 0.4
393 394 0.4
6 676 0.4
3 4 0.4
3 5 0.4
616 940 0.4
280 431 0.4
275 326 0.4
388 389 0.4
388 390 0.4
381 382 0.4
941 942 0.4
941 943 0.4
941 944 0.4
4 5 0.4
186 654 0.4
604 940 0.4
29 860 0.4
133 134 0.4
258 259 0.4
258 260 0.4
710 994 0.4
251 252 0.4
376 377 0.4
811 812 0.4
811 813 0.4
811 822 0.4
811 823 0.4
936 937 0.4
174 695 0.4
157 484 0.4
157 494 0.4
128 182 0.4
128 185 0.4
128 186 0.4
128 189 0.4
128 192 0.4
128 193 0.4
128 194 0.4
246 247 0.4
246 248 0.4
246 278 0.4
806 807 0.4
364 365 0.4
489 490 0.4
489 491 0.4
489 492 0.4
489 493 0.4
489 494 0.4
482 483 0.4
61 82 0.4
61 83 0.4
6 7 0.4
6 8 0.4
13 15 0.4
13 16 0.4
13 21 0.4
13 22 0.4
13 32 0.4
13 38 0.4
13 39 0.4
13 40 0.4
13 49 0.4
13 54 0.4
13 57 0.4
13 85 0.4
13 94 0.4
13 95 0.4
13 97 0.4
35 36 0.4
174 723 0.4
57 64 0.4
57 85 0.4
57 94 0.4
57 95 0.4
57 97 0.4
79 80 0.4
79 81 0.4
3 54 0.4
3 67 0.4
3 73 0.4
116 117 0.4
116 118 0.4
116 150 0.4
234 235 0.4
234 236 0.4
234 247 0.4
234 279 0.4
482 585 0.4
919 920 0.4
477 478 0.4
470 471 0.4
7 8 0.4
169 743 0.4
97 100 0.4
97 117 0.4
97 128 0.4
97 150 0.4
97 151 0.4
97 183 0.4
128 398 0.4
229 230 0.4
229 231 0.4
234 365 0.4
234 373 0.4
234 379 0.4
229 279 0.4
229 282 0.4
222 223 0.4
340 341 0.4
482 663 0.4
482 664 0.4
907 908 0.4
907 909 0.4
907 910 0.4
900 901 0.4
900 902 0.4
583 584 0.4
128 459 0.4
85 100 0.4
85 117 0.4
85 128 0.4
85 189 0.4
229 339 0.4
229 340 0.4
229 341 0.4
229 373 0.4
217 257 0.4
210 211 0.4
482 716 0.4
335 336 0.4
453 454 0.4
453 455 0.4
578 579 0.4
571 572 0.4
696 697 0.4
696 698 0.4
696 699 0.4
128 570 0.4
97 398 0.4
73 151 0.4
73 181 0.4
73 189 0.4
234 503 0.4
234 516 0.4
217 395 0.4
205 206 0.4
323 324 0.4
583 716 0.4
441 442 0.4
566 567 0.4
696 730 0.4
696 731 0.4
696 799 0.4
97 446 0.4
128 652 0.4
97 477 0.4
97 479 0.4
128 682 0.4
128 693 0.4
128 696 0.4
61 120 0.4
234 645 0.4
318 319 0.4
318 322 0.4
311 312 0.4
311 313 0.4
311 314 0.4
436 437 0.4
696 800 0.4
554 563 0.4
554 565 0.4
679 680 0.4
679 681 0.4
679 691 0.4
679 692 0.4
672 674 0.4
128 724 0.4
128 725 0.4
128 726 0.4
97 555 0.4
85 459 0.4
790 791 0.4
790 792 0.4
424 425 0.4
549 553 0.4
549 554 0.4
667 668 0.4
128 800 0.4
797 825 0.4
797 828 0.4
660 666 0.4
660 670 0.4
660 676 0.4
660 677 0.4
660 678 0.4
785 786 0.4
73 446 0.4
205 558 0.4
205 559 0.4
205 569 0.4
436 635 0.4
419 420 0.4
419 478 0.4
412 413 0.4
537 539 0.4
530 531 0.4
655 656 0.4
898 899 0.4
39 128 0.4
891 892 0.4
39 186 0.4
32 117 0.4
39 191 0.4
32 120 0.4
32 151 0.4
32 174 0.4
32 178 0.4
32 185 0.4
32 187 0.4
424 655 0.4
424 656 0.4
407 408 0.4
407 409 0.4
542 794 0.4
97 878 0.4
643 644 0.4
643 665 0.4
643 666 0.4
62 63 0.4
62 64 0.4
62 65 0.4
62 66 0.4
62 67 0.4
62 68 0.4
62 69 0.4
62 70 0.4
62 71 0.4
62 72 0.4
62 73 0.4
761 762 0.4
761 763 0.4
84 85 0.4
14 15 0.4
58 59 0.4
424 739 0.4
424 747 0.4
4 68 0.4
513 514 0.4
513 515 0.4
513 516 0.4
638 639 0.4
638 660 0.4
638 670 0.4
638 674 0.4
631 632 0.4
874 875 0.4
15 186 0.4
15 193 0.4
992 993 0.4
501 502 0.4
626 627 0.4
184 185 0.4
184 187 0.4
184 189 0.4
184 190 0.4
32 456 0.4
869 870 0.4
862 863 0.4
987 988 0.4
987 989 0.4
980 981 0.4
179 186 0.4
179 191 0.4
179 194 0.4
614 615 0.4
739 740 0.4
32 553 0.4
32 558 0.4
32 559 0.4
32 563 0.4
732 733 0.4
290 291 0.4
732 755 0.4
857 858 0.4
857 859 0.4
850 851 0.4
975 976 0.4
609 610 0.4
167 168 0.4
167 169 0.4
167 191 0.4
602 603 0.4
602 604 0.4
727 728 0.4
727 729 0.4
285 286 0.4
727 757 0.4
15 546 0.4
273 274 0.4
273 275 0.4
273 276 0.4
15 563 0.4
391 392 0.4
958 959 0.4
951 952 0.4
951 953 0.4
143 144 0.4
143 145 0.4
268 269 0.4
268 270 0.4
398 456 0.4
398 457 0.4
261 262 0.4
261 263 0.4
398 479 0.4
398 480 0.4
821 828 0.4
184 675 0.4
184 695 0.4
167 480 0.4
131 161 0.4
131 197 0.4
131 198 0.4
131 199 0.4
256 257 0.4
256 279 0.4
821 904 0.4
821 925 0.4
821 926 0.4
821 927 0.4
374 375 0.4
934 935 0.4
934 936 0.4
934 937 0.4
492 493 0.4
492 494 0.4
184 723 0.4
167 558 0.4
126 185 0.4
126 193 0.4
126 194 0.4
256 384 0.4
244 245 0.4
499 500 0.4
804 805 0.4
804 806 0.4
804 807 0.4
362 363 0.4
804 832 0.4
929 930 0.4
929 931 0.4
487 488 0.4
922 923 0.4
922 924 0.4
63 64 0.4
63 65 0.4
63 66 0.4
63 67 0.4
63 68 0.4
63 69 0.4
63 70 0.4
63 71 0.4
63 72 0.4
63 73 0.4
85 95 0.4
85 97 0.4
15 49 0.4
15 54 0.4
15 85 0.4
37 38 0.4
37 39 0.4
37 40 0.4
256 422 0.4
114 115 0.4
5 37 0.4
5 38 0.4
5 39 0.4
114 180 0.4
5 40 0.4
5 41 0.4
5 62 0.4
5 63 0.4
5 64 0.4
5 65 0.4
5 66 0.4
5 67 0.4
5 68 0.4
5 69 0.4
5 70 0.4
5 71 0.4
5 72 0.4
5 73 0.4
239 240 0.4
239 241 0.4
239 242 0.4
239 252 0.4
232 233 0.4
350 351 0.4
350 352 0.4
917 918 0.4
475 476 0.4
593 595 0.4
167 756 0.4
95 100 0.4
95 117 0.4
95 128 0.4
95 180 0.4
95 183 0.4
95 187 0.4
95 189 0.4
95 191 0.4
102 103 0.4
102 104 0.4
102 116 0.4
239 329 0.4
239 330 0.4
102 173 0.4
102 188 0.4
227 228 0.4
220 221 0.4
220 223 0.4
581 582 0.4
581 583 0.4
581 584 0.4
333 334 0.4
458 459 0.4
458 461 0.4
458 462 0.4
694 695 0.4
95 398 0.4
71 189 0.4
71 191 0.4
203 204 0.4
446 479 0.4
564 565 0.4
694 722 0.4
694 723 0.4
689 690 0.4
95 456 0.4
126 652 0.4
126 682 0.4
78 205 0.4
83 356 0.4
227 510 0.4
316 317 0.4
434 435 0.4
559 560 0.4
559 563 0.4
559 570 0.4
559 571 0.4
559 572 0.4
559 573 0.4
689 721 0.4
682 718 0.4
682 719 0.4
682 726 0.4
682 757 0.4
795 796 0.4
795 797 0.4
83 459 0.4
71 378 0.4
54 100 0.4
54 117 0.4
54 128 0.4
54 178 0.4
304 305 0.4
304 306 0.4
422 458 0.4
665 666 0.4
795 825 0.4
83 566 0.4
83 567 0.4
783 784 0.4
49 100 0.4
49 117 0.4
49 128 0.4
49 170 0.4
49 183 0.4
49 189 0.4
446 739 0.4
417 418 0.4
410 411 0.4
535 536 0.4
535 537 0.4
535 539 0.4
535 548 0.4
535 549 0.4
535 553 0.4
535 554 0.4
653 654 0.4
114 810 0.4
114 811 0.4
114 812 0.4
114 813 0.4
49 200 0.4
49 211 0.4
54 398 0.4
405 406 0.4
523 524 0.4
523 525 0.4
20 21 0.4
641 642 0.4
641 643 0.4
641 644 0.4
71 617 0.4
641 673 0.4
42 43 0.4
64 65 0.4
64 66 0.4
64 67 0.4
64 68 0.4
64 69 0.4
64 70 0.4
64 71 0.4
64 72 0.4
64 73 0.4
64 94 0.4
64 95 0.4
86 87 0.4
86 88 0.4
16 38 0.4
16 57 0.4
38 39 0.4
38 40 0.4
38 62 0.4
38 63 0.4
38 64 0.4
38 65 0.4
38 66 0.4
38 67 0.4
38 68 0.4
38 69 0.4
38 70 0.4
38 71 0.4
38 72 0.4
38 73 0.4
6 15 0.4
6 16 0.4
6 34 0.4
6 49 0.4
6 85 0.4
6 95 0.4
518 519 0.4
518 520 0.4
511 512 0.4
511 513 0.4
511 514 0.4
511 515 0.4
511 516 0.4
636 637 0.4
49 417 0.4
54 553 0.4
54 563 0.4
49 456 0.4
203 833 0.4
872 873 0.4
13 116 0.4
13 117 0.4
13 120 0.4
13 151 0.4
13 171 0.4
13 173 0.4
13 174 0.4
13 183 0.4
13 185 0.4
13 187 0.4
13 189 0.4
13 191 0.4
997 998 0.4
990 991 0.4
506 507 0.4
506 508 0.4
189 190 0.4
189 191 0.4
624 625 0.4
182 183 0.4
749 750 0.4
13 205 0.4
13 211 0.4
860 861 0.4
860 868 0.4
985 986 0.4
189 211 0.4
71 940 0.4
624 716 0.4
619 620 0.4
619 621 0.4
619 622 0.4
619 623 0.4
619 624 0.4
619 625 0.4
612 613 0.4
170 171 0.4
170 172 0.4
737 738 0.4
295 296 0.4
295 297 0.4
730 731 0.4
973 974 0.4
194 413 0.4
189 398 0.4
607 608 0.4
165 166 0.4
600 601 0.4
600 603 0.4
600 604 0.4
600 617 0.4
725 728 0.4
283 284 0.4
13 431 0.4
13 479 0.4
843 844 0.4
843 845 0.4
961 962 0.4
961 963 0.4
189 459 0.4
271 272 0.4
271 273 0.4
271 274 0.4
271 275 0.4
271 276 0.4
838 839 0.4
838 840 0.4
396 397 0.4
956 957 0.4
194 654 0.4
189 543 0.4
194 680 0.4
194 682 0.4
194 683 0.4
194 684 0.4
194 686 0.4
165 388 0.4
165 391 0.4
148 149 0.4
141 142 0.4
708 709 0.4
826 827 0.4
826 828 0.4
384 385 0.4
384 386 0.4
194 718 0.4
194 719 0.4
194 720 0.4
189 695 0.4
189 696 0.4
379 380 0.4
379 381 0.4
379 382 0.4
814 815 0.4
814 816 0.4
372 373 0.4
939 940 0.4
497 498 0.4
497 499 0.4
932 933 0.4
490 491 0.4
490 492 0.4
490 493 0.4
490 494 0.4
189 723 0.4
124 125 0.4
124 126 0.4
13 890 0.4
124 185 0.4
124 193 0.4
124 194 0.4
254 358 0.4
249 250 0.4
814 938 0.4
367 368 0.4
497 500 0.4
802 803 0.4
360 361 0.4
360 362 0.4
360 363 0.4
485 486 0.4
21 24 0.4
21 25 0.4
21 26 0.4
21 29 0.4
21 30 0.4
21 40 0.4
21 49 0.4
21 74 0.4
21 75 0.4
21 76 0.4
21 77 0.4
21 78 0.4
21 91 0.4
65 66 0.4
65 67 0.4
65 68 0.4
65 69 0.4
65 70 0.4
65 71 0.4
65 72 0.4
65 73 0.4
87 88 0.4
17 18 0.4
17 19 0.4
17 20 0.4
17 21 0.4
39 40 0.4
39 67 0.4
119 120 0.4
119 121 0.4
379 516 0.4
237 238 0.4
237 239 0.4
237 240 0.4
237 241 0.4
237 242 0.4
242 379 0.4
7 12 0.4
7 13 0.4
7 16 0.4
230 231 0.4
7 38 0.4
7 49 0.4
7 54 0.4
7 57 0.4
7 85 0.4
7 95 0.4
7 97 0.4
915 916 0.4
598 599 0.4
119 205 0.4
107 108 0.4
100 101 0.4
100 109 0.4
100 117 0.4
100 128 0.4
100 189 0.4
230 340 0.4
230 341 0.4
225 226 0.4
903 904 0.4
903 905 0.4
485 703 0.4
331 332 0.4
456 457 0.4
586 605 0.4
586 629 0.4
586 630 0.4
574 577 0.4
100 398 0.4
208 209 0.4
201 202 0.4
343 520 0.4
699 730 0.4
699 731 0.4
699 799 0.4
687 688 0.4
687 689 0.4
687 690 0.4
680 685 0.4
680 686 0.4
680 687 0.4
680 688 0.4
680 689 0.4
680 690 0.4
119 583 0.4
107 426 0.4
64 117 0.4
100 446 0.4
100 456 0.4
100 477 0.4
100 479 0.4
64 189 0.4
461 767 0.4
439 440 0.4
432 433 0.4
550 551 0.4
550 552 0.4
680 721 0.4
124 724 0.4
124 726 0.4
119 622 0.4
793 794 0.4
326 535 0.4
309 348 0.4
309 349 0.4
302 303 0.4
302 310 0.4
302 334 0.4
663 664 0.4
781 782 0.4
40 191 0.4
415 416 0.4
533 534 0.4
533 535 0.4
533 536 0.4
533 537 0.4
533 548 0.4
533 549 0.4
651 652 0.4
651 653 0.4
651 654 0.4
100 775 0.4
100 776 0.4
35 109 0.4
403 404 0.4
528 529 0.4
521 522 0.4
646 660 0.4
646 661 0.4
646 662 0.4
646 676 0.4
70 71 0.4
70 72 0.4
70 73 0.4
70 98 0.4
92 93 0.4
22 23 0.4
44 45 0.4
66 67 0.4
66 68 0.4
66 69 0.4
66 70 0.4
66 71 0.4
66 72 0.4
66 73 0.4
18 19 0.4
18 20 0.4
18 21 0.4
18 24 0.4
18 25 0.4
18 33 0.4
7 100 0.4
7 117 0.4
7 128 0.4
7 165 0.4
7 183 0.4
7 189 0.4
7 191 0.4
8 13 0.4
8 19 0.4
8 33 0.4
8 34 0.4
634 635 0.4
192 193 0.4
192 194 0.4
759 760 0.4
877 878 0.4
870 889 0.4
18 186 0.4
415 727 0.4
415 729 0.4
629 630 0.4
187 188 0.4
187 189 0.4
187 190 0.4
622 623 0.4
622 624 0.4
622 625 0.4
180 181 0.4
35 435 0.4
403 732 0.4
403 748 0.4
7 398 0.4
610 617 0.4
610 627 0.4
293 294 0.4
23 442 0.4
978 979 0.4
415 923 0.4
7 446 0.4
7 456 0.4
504 748 0.4
605 606 0.4
163 164 0.4
605 629 0.4
605 630 0.4
23 545 0.4
281 282 0.4
848 849 0.4
841 842 0.4
966 967 0.4
966 968 0.4
7 543 0.4
605 703 0.4
158 159 0.4
151 183 0.4
718 719 0.4
711 712 0.4
711 713 0.4
836 837 0.4
841 984 0.4
954 955 0.4
954 999 0.4
192 654 0.4
192 682 0.4
617 940 0.4
610 940 0.4
293 542 0.4
146 147 0.4
706 707 0.4
264 265 0.4
264 266 0.4
389 390 0.4
824 825 0.4
824 826 0.4
824 827 0.4
824 828 0.4
949 950 0.4
942 943 0.4
942 944 0.4
7 744 0.4
192 718 0.4
192 719 0.4
192 720 0.4
187 695 0.4
151 398 0.4
23 878 0.4
264 367 0.4
264 368 0.4
259 260 0.4
819 820 0.4
819 821 0.4
812 813 0.4
370 371 0.4
495 496 0.4
930 931 0.4
187 723 0.4
129 130 0.4
129 131 0.4
252 330 0.4
247 248 0.4
247 279 0.4
240 241 0.4
240 242 0.4
365 373 0.4
365 379 0.4
925 926 0.4
925 927 0.4
71 72 0.4
71 73 0.4
23 97 0.4
180 812 0.4
67 68 0.4
67 69 0.4
67 70 0.4
67 71 0.4
67 72 0.4
67 73 0.4
89 90 0.4
19 20 0.4
19 21 0.4
117 118 0.4
117 120 0.4
117 128 0.4
117 178 0.4
117 183 0.4
117 189 0.4
110 111 0.4
110 113 0.4
117 192 0.4
110 156 0.4
110 157 0.4
247 365 0.4
247 373 0.4
247 379 0.4
247 380 0.4
247 381 0.4
235 236 0.4
353 354 0.4
353 355 0.4
9 10 0.4
913 914 0.4
596 597 0.4
98 100 0.4
98 128 0.4
98 135 0.4
91 131 0.4
117 211 0.4
105 106 0.4
105 160 0.4
365 516 0.4
348 349 0.4
908 909 0.4
908 910 0.4
901 902 0.4
117 398 0.4
247 516 0.4
218 219 0.4
454 455 0.4
697 698 0.4
697 699 0.4
117 456 0.4
74 120 0.4
110 484 0.4
449 450 0.4
449 451 0.4
560 571 0.4
560 572 0.4
685 686 0.4
685 687 0.4
685 688 0.4
685 689 0.4
685 690 0.4
98 477 0.4
117 543 0.4
117 553 0.4
117 563 0.4
319 322 0.4
312 313 0.4
312 314 0.4
430 431 0.4
697 800 0.4
555 556 0.4
555 558 0.4
673 674 0.4
673 675 0.4
798 799 0.4
117 658 0.4
791 792 0.4
57 100 0.4
57 117 0.4
57 128 0.4
211 543 0.4
211 561 0.4
211 575 0.4
300 301 0.4
543 544 0.4
543 557 0.4
543 561 0.4
668 672 0.4
798 800 0.4
661 662 0.4
430 634 0.4
538 539 0.4
538 540 0.4
531 533 0.4
531 535 0.4
531 537 0.4
57 398 0.4
211 794 0.4
33 186 0.4
408 409 0.4
401 402 0.4
526 527 0.4
526 528 0.4
526 529 0.4
50 51 0.4
50 52 0.4
50 53 0.4
769 770 0.4
57 456 0.4
72 73 0.4
887 888 0.4
887 889 0.4
94 95 0.4
24 25 0.4
880 881 0.4
880 882 0.4
21 103 0.4
21 117 0.4
21 120 0.4
21 189 0.4
21 190 0.4
46 47 0.4
46 48 0.4
46 49 0.4
46 50 0.4
46 51 0.4
46 52 0.4
46 53 0.4
68 69 0.4
68 70 0.4
68 71 0.4
68 72 0.4
68 73 0.4
68 98 0.4
425 739 0.4
425 747 0.4
425 760 0.4
413 683 0.4
413 684 0.4
5 191 0.4
514 515 0.4
514 516 0.4
639 645 0.4
639 646 0.4
197 198 0.4
197 199 0.4
639 661 0.4
190 191 0.4
757 758 0.4
757 759 0.4
757 760 0.4
21 211 0.4
16 117 0.4
425 890 0.4
413 751 0.4
509 510 0.4
185 187 0.4
185 189 0.4
185 190 0.4
185 192 0.4
185 193 0.4
185 194 0.4
620 621 0.4
620 622 0.4
620 623 0.4
620 624 0.4
620 625 0.4
745 746 0.4
16 205 0.4
988 989 0.4
408 740 0.4
185 207 0.4
173 174 0.4
173 175 0.4
298 299 0.4
733 753 0.4
21 456 0.4
858 859 0.4
190 466 0.4
168 169 0.4
603 604 0.4
603 610 0.4
603 617 0.4
161 162 0.4
728 729 0.4
846 847 0.4
846 848 0.4
846 849 0.4
964 965 0.4
964 966 0.4
964 967 0.4
156 157 0.4
716 717 0.4
274 275 0.4
274 276 0.4
834 835 0.4
952 953 0.4
190 695 0.4
161 398 0.4
269 270 0.4
399 400 0.4
704 705 0.4
262 263 0.4
829 830 0.4
829 831 0.4
387 388 0.4
387 389 0.4
387 390 0.4
