0 1 0.5
0 2 0.5
0 3 0.5
0 4 0.5
0 5 0.5
0 6 0.5
0 7 0.5
0 8 0.5
0 9 0.5
0 10 0.5
1 2 0.5
1 11 0.5
1 12 0.5
1 13 0.5
1 14 0.5
1 15 0.5
1 16 0.5
1 17 0.5
1 18 0.5
1 19 0.5
3 20 0.5
3 21 0.5
3 22 0.5
3 23 0.5
3 24 0.5
3 25 0.5
3 26 0.5
3 27 0.5
3 28 0.5
3 29 0.5
8 30 0.5
8 31 0.5
8 32 0.5
8 33 0.5
8 34 0.5
8 35 0.5
8 36 0.5
8 37 0.5
8 38 0.5
8 39 0.5
10 41 0.5
10 136 0.5
10 137 0.5
10 138 0.5
10 139 0.5
10 140 0.5
10 141 0.5
10 142 0.5
10 143 0.5
10 144 0.5
12 40 0.5
12 41 0.5
12 42 0.5
12 43 0.5
12 44 0.5
12 45 0.5
12 46 0.5
12 47 0.5
12 48 0.5
12 49 0.5
14 199 0.5
14 756 0.5
17 79 0.5
17 80 0.5
17 81 0.5
17 82 0.5
17 83 0.5
17 84 0.5
17 85 0.5
17 86 0.5
17 87 0.5
17 88 0.5
19 69 0.5
19 70 0.5
19 71 0.5
19 72 0.5
19 73 0.5
19 74 0.5
19 75 0.5
19 76 0.5
19 77 0.5
19 78 0.5
20 50 0.5
20 51 0.5
20 52 0.5
20 53 0.5
20 54 0.5
20 55 0.5
20 56 0.5
20 57 0.5
20 58 0.5
20 59 0.5
21 22 0.5
21 60 0.5
21 61 0.5
21 62 0.5
21 63 0.5
21 64 0.5
21 65 0.5
21 66 0.5
21 67 0.5
21 68 0.5
23 108 0.5
23 109 0.5
23 110 0.5
23 111 0.5
23 112 0.5
23 113 0.5
23 114 0.5
23 115 0.5
23 116 0.5
25 98 0.5
25 99 0.5
25 100 0.5
25 101 0.5
25 102 0.5
25 103 0.5
25 104 0.5
25 105 0.5
25 106 0.5
25 107 0.5
26 78 0.5
26 89 0.5
26 90 0.5
26 91 0.5
26 92 0.5
26 93 0.5
26 94 0.5
26 95 0.5
26 96 0.5
26 97 0.5
29 654 0.5
30 185 0.5
30 186 0.5
38 117 0.5
38 118 0.5
38 119 0.5
38 120 0.5
38 121 0.5
38 122 0.5
38 123 0.5
38 124 0.5
38 125 0.5
38 126 0.5
39 155 0.5
39 156 0.5
39 157 0.5
39 158 0.5
39 159 0.5
39 160 0.5
39 161 0.5
39 162 0.5
39 163 0.5
39 164 0.5
46 92 0.5
46 127 0.5
46 128 0.5
46 129 0.5
46 130 0.5
46 131 0.5
46 132 0.5
46 133 0.5
46 134 0.5
46 135 0.5
54 145 0.5
54 146 0.5
54 147 0.5
54 148 0.5
54 149 0.5
54 150 0.5
54 151 0.5
54 152 0.5
54 153 0.5
54 154 0.5
58 165 0.5
58 166 0.5
58 167 0.5
58 168 0.5
58 169 0.5
58 170 0.5
58 171 0.5
58 172 0.5
58 173 0.5
58 174 0.5
60 184 0.5
61 175 0.5
62 13 0.5
62 176 0.5
62 177 0.5
62 178 0.5
62 179 0.5
62 180 0.5
62 181 0.5
62 182 0.5
62 183 0.5
65 178 0.5
65 197 0.5
65 198 0.5
65 199 0.5
65 200 0.5
65 201 0.5
65 202 0.5
65 203 0.5
65 204 0.5
65 205 0.5
73 187 0.5
73 188 0.5
73 189 0.5
73 190 0.5
73 191 0.5
73 192 0.5
73 193 0.5
73 194 0.5
73 195 0.5
73 196 0.5
75 3 0.5
75 6 0.5
75 57 0.5
75 216 0.5
75 217 0.5
75 218 0.5
75 219 0.5
75 220 0.5
75 221 0.5
75 222 0.5
76 206 0.5
76 207 0.5
76 208 0.5
76 209 0.5
76 210 0.5
76 211 0.5
76 212 0.5
76 213 0.5
76 214 0.5
76 215 0.5
77 80 0.5
77 84 0.5
77 85 0.5
77 86 0.5
77 88 0.5
77 294 0.5
77 309 0.5
77 310 0.5
77 311 0.5
77 312 0.5
78 490 0.5
78 491 0.5
78 492 0.5
80 232 0.5
80 233 0.5
80 234 0.5
80 235 0.5
80 236 0.5
80 237 0.5
80 238 0.5
80 239 0.5
80 240 0.5
81 193 0.5
81 196 0.5
81 750 0.5
83 63 0.5
83 223 0.5
83 224 0.5
83 225 0.5
83 226 0.5
83 227 0.5
83 228 0.5
83 229 0.5
83 230 0.5
83 231 0.5
84 408 0.5
84 820 0.5
87 208 0.5
87 241 0.5
87 242 0.5
87 243 0.5
87 244 0.5
87 245 0.5
87 246 0.5
87 247 0.5
87 248 0.5
88 84 0.5
88 85 0.5
88 86 0.5
88 292 0.5
88 293 0.5
88 294 0.5
88 295 0.5
88 296 0.5
88 297 0.5
88 298 0.5
89 148 0.5
89 266 0.5
89 267 0.5
89 268 0.5
89 269 0.5
89 270 0.5
89 271 0.5
89 272 0.5
89 273 0.5
89 274 0.5
90 89 0.5
90 92 0.5
90 223 0.5
90 259 0.5
90 260 0.5
90 261 0.5
90 262 0.5
90 263 0.5
90 264 0.5
90 265 0.5
91 249 0.5
91 250 0.5
91 251 0.5
91 252 0.5
91 253 0.5
91 254 0.5
91 255 0.5
91 256 0.5
91 257 0.5
91 258 0.5
92 164 0.5
92 275 0.5
92 276 0.5
92 277 0.5
92 278 0.5
92 279 0.5
92 280 0.5
92 281 0.5
92 282 0.5
92 283 0.5
93 107 0.5
93 284 0.5
93 285 0.5
93 286 0.5
93 287 0.5
93 288 0.5
93 289 0.5
93 290 0.5
93 291 0.5
94 299 0.5
94 300 0.5
94 301 0.5
94 302 0.5
94 303 0.5
94 304 0.5
94 305 0.5
94 306 0.5
94 307 0.5
94 308 0.5
96 333 0.5
96 334 0.5
96 335 0.5
96 336 0.5
96 337 0.5
96 338 0.5
96 339 0.5
96 340 0.5
96 341 0.5
96 342 0.5
97 27 0.5
97 142 0.5
97 502 0.5
97 742 0.5
97 871 0.5
97 872 0.5
97 873 0.5
97 874 0.5
97 875 0.5
97 876 0.5
97 877 0.5
97 878 0.5
97 879 0.5
97 880 0.5
97 881 0.5
97 882 0.5
97 883 0.5
97 884 0.5
97 885 0.5
99 4 0.5
99 103 0.5
99 105 0.5
99 320 0.5
99 321 0.5
99 322 0.5
99 323 0.5
99 324 0.5
99 325 0.5
99 326 0.5
99 327 0.5
99 328 0.5
99 329 0.5
99 330 0.5
99 331 0.5
99 332 0.5
101 139 0.5
101 313 0.5
101 314 0.5
101 315 0.5
101 316 0.5
101 317 0.5
101 318 0.5
101 319 0.5
106 166 0.5
106 171 0.5
106 343 0.5
106 344 0.5
106 345 0.5
106 346 0.5
106 347 0.5
106 348 0.5
106 349 0.5
108 350 0.5
109 385 0.5
109 386 0.5
109 387 0.5
109 388 0.5
109 389 0.5
109 390 0.5
109 391 0.5
109 392 0.5
109 393 0.5
109 394 0.5
111 102 0.5
112 329 0.5
112 351 0.5
112 352 0.5
112 353 0.5
112 354 0.5
112 355 0.5
112 356 0.5
112 357 0.5
112 358 0.5
112 359 0.5
113 86 0.5
113 360 0.5
113 361 0.5
113 362 0.5
113 363 0.5
113 364 0.5
113 365 0.5
113 366 0.5
113 367 0.5
115 395 0.5
115 396 0.5
115 397 0.5
115 398 0.5
115 399 0.5
115 400 0.5
115 401 0.5
115 402 0.5
115 403 0.5
115 404 0.5
116 512 0.5
118 368 0.5
118 369 0.5
118 370 0.5
118 371 0.5
118 372 0.5
118 373 0.5
118 374 0.5
118 375 0.5
118 376 0.5
118 377 0.5
119 102 0.5
119 103 0.5
119 322 0.5
119 378 0.5
119 379 0.5
119 380 0.5
119 381 0.5
119 382 0.5
119 383 0.5
119 384 0.5
120 97 0.5
120 408 0.5
120 438 0.5
120 439 0.5
120 440 0.5
120 441 0.5
120 442 0.5
120 443 0.5
120 444 0.5
120 445 0.5
121 480 0.5
121 481 0.5
121 482 0.5
121 483 0.5
121 484 0.5
121 485 0.5
121 486 0.5
121 487 0.5
121 488 0.5
121 489 0.5
122 149 0.5
122 415 0.5
122 416 0.5
122 417 0.5
122 418 0.5
123 405 0.5
123 406 0.5
123 407 0.5
123 408 0.5
123 409 0.5
123 410 0.5
123 411 0.5
123 412 0.5
123 413 0.5
123 414 0.5
124 419 0.5
124 420 0.5
124 421 0.5
124 422 0.5
124 423 0.5
124 424 0.5
124 425 0.5
124 426 0.5
124 427 0.5
124 428 0.5
125 470 0.5
125 471 0.5
125 472 0.5
125 473 0.5
125 474 0.5
125 475 0.5
125 476 0.5
125 477 0.5
125 478 0.5
125 479 0.5
126 244 0.5
126 957 0.5
126 958 0.5
128 18 0.5
128 429 0.5
128 430 0.5
128 431 0.5
128 432 0.5
128 433 0.5
128 434 0.5
128 435 0.5
128 436 0.5
128 437 0.5
130 446 0.5
130 447 0.5
130 448 0.5
130 449 0.5
130 450 0.5
130 451 0.5
130 452 0.5
130 453 0.5
130 454 0.5
130 455 0.5
131 140 0.5
131 328 0.5
131 456 0.5
131 457 0.5
131 458 0.5
131 459 0.5
131 460 0.5
131 461 0.5
131 462 0.5
131 463 0.5
132 3 0.5
132 52 0.5
132 219 0.5
132 222 0.5
132 464 0.5
132 465 0.5
132 466 0.5
132 467 0.5
132 468 0.5
132 469 0.5
133 570 0.5
136 730 0.5
137 289 0.5
137 493 0.5
137 494 0.5
137 495 0.5
137 496 0.5
137 497 0.5
137 498 0.5
137 499 0.5
137 500 0.5
137 501 0.5
141 502 0.5
141 503 0.5
141 504 0.5
141 505 0.5
141 506 0.5
141 507 0.5
141 508 0.5
141 509 0.5
141 510 0.5
141 511 0.5
144 260 0.5
144 377 0.5
144 513 0.5
144 514 0.5
144 515 0.5
144 516 0.5
144 517 0.5
144 518 0.5
144 519 0.5
144 520 0.5
147 402 0.5
147 521 0.5
147 522 0.5
147 523 0.5
147 524 0.5
147 525 0.5
147 526 0.5
147 527 0.5
147 528 0.5
147 529 0.5
148 40 0.5
148 121 0.5
148 530 0.5
148 531 0.5
148 532 0.5
148 533 0.5
148 534 0.5
148 535 0.5
148 536 0.5
148 537 0.5
150 538 0.5
150 539 0.5
150 540 0.5
150 541 0.5
150 542 0.5
150 543 0.5
150 544 0.5
150 545 0.5
150 546 0.5
150 547 0.5
153 197 0.5
153 473 0.5
153 548 0.5
153 549 0.5
153 550 0.5
153 551 0.5
153 552 0.5
153 553 0.5
153 554 0.5
153 555 0.5
154 167 0.5
154 580 0.5
154 581 0.5
154 582 0.5
154 583 0.5
154 584 0.5
154 585 0.5
154 586 0.5
154 587 0.5
154 588 0.5
157 155 0.5
157 556 0.5
157 557 0.5
157 558 0.5
157 559 0.5
157 560 0.5
157 561 0.5
157 562 0.5
157 563 0.5
157 564 0.5
158 346 0.5
158 495 0.5
158 505 0.5
158 565 0.5
158 566 0.5
158 567 0.5
158 568 0.5
158 569 0.5
162 570 0.5
162 571 0.5
162 572 0.5
162 573 0.5
162 574 0.5
162 575 0.5
162 576 0.5
162 577 0.5
162 578 0.5
162 579 0.5
165 589 0.5
165 590 0.5
165 591 0.5
165 592 0.5
165 593 0.5
165 594 0.5
165 595 0.5
165 596 0.5
165 597 0.5
165 598 0.5
166 205 0.5
166 599 0.5
166 600 0.5
166 601 0.5
166 602 0.5
166 603 0.5
166 604 0.5
166 605 0.5
166 606 0.5
166 607 0.5
167 608 0.5
167 609 0.5
167 610 0.5
167 611 0.5
167 612 0.5
167 613 0.5
167 614 0.5
167 615 0.5
167 616 0.5
167 617 0.5
168 155 0.5
168 157 0.5
168 540 0.5
168 618 0.5
168 619 0.5
168 620 0.5
168 621 0.5
168 622 0.5
168 623 0.5
168 624 0.5
170 78 0.5
170 715 0.5
170 716 0.5
170 717 0.5
170 718 0.5
170 719 0.5
170 720 0.5
170 721 0.5
170 722 0.5
170 723 0.5
171 543 0.5
171 600 0.5
171 616 0.5
171 625 0.5
171 626 0.5
171 627 0.5
171 628 0.5
171 629 0.5
171 630 0.5
171 631 0.5
175 92 0.5
175 190 0.5
175 421 0.5
175 632 0.5
175 633 0.5
175 634 0.5
175 635 0.5
175 636 0.5
175 637 0.5
175 638 0.5
176 180 0.5
176 561 0.5
176 633 0.5
176 639 0.5
176 640 0.5
176 641 0.5
176 642 0.5
176 643 0.5
176 644 0.5
176 645 0.5
177 4 0.5
180 304 0.5
180 639 0.5
180 646 0.5
180 647 0.5
180 648 0.5
180 649 0.5
180 650 0.5
180 651 0.5
180 652 0.5
180 653 0.5
181 359 0.5
181 655 0.5
181 656 0.5
181 657 0.5
181 658 0.5
181 659 0.5
181 660 0.5
181 661 0.5
181 662 0.5
181 663 0.5
183 664 0.5
184 564 0.5
184 665 0.5
184 666 0.5
184 667 0.5
184 668 0.5
184 669 0.5
184 670 0.5
184 671 0.5
184 672 0.5
184 673 0.5
187 167 0.5
187 407 0.5
187 568 0.5
187 693 0.5
187 694 0.5
187 695 0.5
187 696 0.5
187 697 0.5
187 698 0.5
187 699 0.5
189 674 0.5
189 675 0.5
189 676 0.5
189 677 0.5
189 678 0.5
189 679 0.5
189 680 0.5
189 681 0.5
189 682 0.5
189 683 0.5
192 684 0.5
192 685 0.5
192 686 0.5
192 687 0.5
192 688 0.5
192 689 0.5
192 690 0.5
192 691 0.5
192 692 0.5
193 700 0.5
194 9 0.5
194 290 0.5
194 351 0.5
194 581 0.5
194 836 0.5
195 278 0.5
195 399 0.5
195 605 0.5
195 701 0.5
195 702 0.5
195 703 0.5
195 704 0.5
195 705 0.5
195 706 0.5
195 707 0.5
198 165 0.5
198 178 0.5
198 675 0.5
198 708 0.5
198 709 0.5
198 710 0.5
198 711 0.5
198 712 0.5
198 713 0.5
198 714 0.5
200 724 0.5
200 725 0.5
200 726 0.5
200 727 0.5
200 728 0.5
200 729 0.5
200 730 0.5
200 731 0.5
200 732 0.5
200 733 0.5
201 359 0.5
201 734 0.5
201 735 0.5
201 736 0.5
201 737 0.5
201 738 0.5
201 739 0.5
201 740 0.5
201 741 0.5
201 742 0.5
206 328 0.5
206 641 0.5
206 753 0.5
206 754 0.5
206 755 0.5
206 756 0.5
206 757 0.5
206 758 0.5
206 759 0.5
206 760 0.5
207 743 0.5
207 744 0.5
207 745 0.5
207 746 0.5
207 747 0.5
207 748 0.5
207 749 0.5
207 750 0.5
207 751 0.5
207 752 0.5
213 172 0.5
213 348 0.5
213 410 0.5
213 761 0.5
213 762 0.5
213 763 0.5
213 764 0.5
213 765 0.5
213 766 0.5
213 767 0.5
218 69 0.5
218 564 0.5
218 768 0.5
218 769 0.5
218 770 0.5
218 771 0.5
218 772 0.5
218 773 0.5
218 774 0.5
220 108 0.5
220 775 0.5
220 776 0.5
220 777 0.5
220 778 0.5
220 779 0.5
220 780 0.5
220 781 0.5
220 782 0.5
220 783 0.5
221 784 0.5
223 355 0.5
223 785 0.5
223 786 0.5
223 787 0.5
223 788 0.5
223 789 0.5
223 790 0.5
223 791 0.5
223 792 0.5
227 58 0.5
227 106 0.5
227 343 0.5
227 344 0.5
227 345 0.5
227 347 0.5
227 793 0.5
227 794 0.5
227 795 0.5
229 161 0.5
229 362 0.5
229 796 0.5
229 797 0.5
229 798 0.5
229 799 0.5
229 800 0.5
229 801 0.5
229 802 0.5
234 92 0.5
234 627 0.5
234 691 0.5
234 803 0.5
234 804 0.5
234 805 0.5
234 806 0.5
234 807 0.5
234 808 0.5
234 809 0.5
235 4 0.5
235 810 0.5
235 811 0.5
235 812 0.5
235 813 0.5
235 814 0.5
235 815 0.5
235 816 0.5
235 817 0.5
235 818 0.5
236 256 0.5
236 768 0.5
236 773 0.5
236 836 0.5
236 837 0.5
236 838 0.5
236 839 0.5
236 840 0.5
236 841 0.5
236 842 0.5
237 296 0.5
237 579 0.5
237 812 0.5
237 819 0.5
237 820 0.5
237 821 0.5
237 822 0.5
237 823 0.5
237 824 0.5
237 825 0.5
238 826 0.5
238 827 0.5
238 828 0.5
238 829 0.5
238 830 0.5
238 831 0.5
238 832 0.5
238 833 0.5
238 834 0.5
238 835 0.5
239 475 0.5
239 844 0.5
239 910 0.5
239 911 0.5
239 912 0.5
239 913 0.5
239 914 0.5
239 915 0.5
239 916 0.5
239 917 0.5
240 505 0.5
240 518 0.5
240 843 0.5
240 844 0.5
240 845 0.5
240 846 0.5
240 847 0.5
240 848 0.5
242 669 0.5
242 783 0.5
242 809 0.5
242 849 0.5
242 850 0.5
242 851 0.5
242 852 0.5
242 853 0.5
242 854 0.5
242 855 0.5
244 669 0.5
244 957 0.5
248 76 0.5
248 419 0.5
248 726 0.5
248 856 0.5
248 857 0.5
248 858 0.5
248 859 0.5
248 860 0.5
248 861 0.5
248 862 0.5
251 685 0.5
251 859 0.5
251 863 0.5
251 864 0.5
251 865 0.5
251 866 0.5
251 867 0.5
251 868 0.5
251 869 0.5
251 870 0.5
252 301 0.5
252 500 0.5
252 866 0.5
252 894 0.5
252 895 0.5
252 896 0.5
252 897 0.5
252 898 0.5
252 899 0.5
252 900 0.5
253 483 0.5
253 886 0.5
253 887 0.5
253 888 0.5
253 889 0.5
253 890 0.5
253 891 0.5
253 892 0.5
253 893 0.5
254 305 0.5
254 901 0.5
254 902 0.5
254 903 0.5
254 904 0.5
254 905 0.5
254 906 0.5
254 907 0.5
254 908 0.5
254 909 0.5
255 864 0.5
255 924 0.5
255 925 0.5
255 926 0.5
255 927 0.5
255 928 0.5
255 929 0.5
255 930 0.5
255 931 0.5
255 932 0.5
256 291 0.5
256 686 0.5
256 812 0.5
256 860 0.5
256 918 0.5
256 919 0.5
256 920 0.5
256 921 0.5
256 922 0.5
256 923 0.5
260 162 0.5
260 329 0.5
260 975 0.5
260 976 0.5
260 977 0.5
260 978 0.5
260 979 0.5
260 980 0.5
260 981 0.5
261 547 0.5
261 933 0.5
261 934 0.5
261 935 0.5
261 936 0.5
261 937 0.5
261 938 0.5
261 939 0.5
261 940 0.5
261 941 0.5
262 103 0.5
262 323 0.5
262 326 0.5
262 330 0.5
262 942 0.5
262 943 0.5
262 944 0.5
262 945 0.5
262 946 0.5
262 947 0.5
263 114 0.5
263 481 0.5
264 642 0.5
264 948 0.5
264 949 0.5
264 950 0.5
264 951 0.5
264 952 0.5
264 953 0.5
264 954 0.5
264 955 0.5
264 956 0.5
265 386 0.5
265 484 0.5
266 978 0.5
267 628 0.5
267 928 0.5
267 959 0.5
267 960 0.5
267 961 0.5
267 962 0.5
267 963 0.5
267 964 0.5
267 965 0.5
267 966 0.5
268 215 0.5
268 967 0.5
268 968 0.5
268 969 0.5
268 970 0.5
268 971 0.5
268 972 0.5
268 973 0.5
268 974 0.5
270 263 0.5
272 765 0.5
272 982 0.5
272 983 0.5
272 984 0.5
272 985 0.5
272 986 0.5
272 987 0.5
272 988 0.5
272 989 0.5
273 289 0.5
273 635 0.5
273 967 0.5
273 990 0.5
273 991 0.5
273 992 0.5
273 993 0.5
273 994 0.5
273 995 0.5
273 996 0.5
275 149 0.5
275 431 0.5
275 997 0.5
275 998 0.5
275 999 0.5
277 413 0.5
277 637 0.5
277 638 0.5
277 698 0.5
280 264 0.5
281 542 0.5
281 837 0.5
282 50 0.5
285 106 0.5
285 345 0.5
285 407 0.5
285 569 0.5
286 203 0.5
287 296 0.5
287 324 0.5
287 332 0.5
289 370 0.5
289 386 0.5
292 317 0.5
292 806 0.5
295 73 0.5
295 291 0.5
295 534 0.5
295 735 0.5
300 861 0.5
304 261 0.5
304 348 0.5
304 381 0.5
304 407 0.5
304 634 0.5
305 437 0.5
308 365 0.5
308 367 0.5
308 619 0.5
308 752 0.5
311 970 0.5
314 535 0.5
314 560 0.5
314 596 0.5
314 850 0.5
314 973 0.5
316 390 0.5
316 848 0.5
317 830 0.5
318 527 0.5
318 669 0.5
327 324 0.5
327 764 0.5
327 801 0.5
327 923 0.5
328 164 0.5
328 272 0.5
328 323 0.5
328 342 0.5
335 397 0.5
335 734 0.5
343 44 0.5
343 494 0.5
344 88 0.5
344 399 0.5
344 782 0.5
347 883 0.5
349 466 0.5
349 693 0.5
349 695 0.5
349 698 0.5
352 700 0.5
354 407 0.5
354 699 0.5
354 765 0.5
354 867 0.5
354 945 0.5
356 145 0.5
356 367 0.5
358 54 0.5
358 224 0.5
358 413 0.5
358 678 0.5
358 975 0.5
360 411 0.5
369 80 0.5
375 129 0.5
375 346 0.5
375 505 0.5
375 565 0.5
375 566 0.5
375 849 0.5
381 395 0.5
385 161 0.5
386 311 0.5
386 646 0.5
387 735 0.5
390 289 0.5
391 146 0.5
405 790 0.5
405 819 0.5
405 933 0.5
407 363 0.5
407 695 0.5
407 877 0.5
407 884 0.5
408 497 0.5
408 595 0.5
409 803 0.5
410 102 0.5
410 591 0.5
410 617 0.5
410 717 0.5
411 4 0.5
411 129 0.5
411 572 0.5
411 585 0.5
412 388 0.5
421 361 0.5
421 921 0.5
423 221 0.5
424 758 0.5
428 137 0.5
428 251 0.5
428 533 0.5
428 752 0.5
430 640 0.5
433 4 0.5
433 576 0.5
433 720 0.5
433 874 0.5
438 481 0.5
439 117 0.5
439 612 0.5
439 803 0.5
445 293 0.5
445 739 0.5
446 295 0.5
447 148 0.5
447 174 0.5
447 346 0.5
447 628 0.5
447 693 0.5
447 987 0.5
448 263 0.5
453 638 0.5
453 913 0.5
458 112 0.5
458 292 0.5
463 261 0.5
463 551 0.5
463 696 0.5
464 365 0.5
464 601 0.5
467 871 0.5
467 900 0.5
468 369 0.5
468 880 0.5
473 127 0.5
473 168 0.5
473 265 0.5
474 181 0.5
474 233 0.5
474 245 0.5
474 249 0.5
474 896 0.5
475 148 0.5
475 628 0.5
475 766 0.5
475 987 0.5
476 474 0.5
476 560 0.5
480 237 0.5
480 290 0.5
480 503 0.5
480 753 0.5
480 801 0.5
483 147 0.5
484 436 0.5
484 668 0.5
484 730 0.5
484 731 0.5
486 165 0.5
486 407 0.5
486 568 0.5
486 694 0.5
486 695 0.5
486 696 0.5
486 697 0.5
486 698 0.5
486 699 0.5
487 213 0.5
487 287 0.5
487 544 0.5
489 325 0.5
489 544 0.5
489 672 0.5
489 922 0.5
493 172 0.5
493 173 0.5
493 636 0.5
493 761 0.5
493 762 0.5
493 763 0.5
493 765 0.5
495 720 0.5
495 893 0.5
496 92 0.5
496 709 0.5
498 41 0.5
498 731 0.5
498 978 0.5
501 500 0.5
506 261 0.5
506 410 0.5
506 538 0.5
506 765 0.5
506 867 0.5
506 945 0.5
507 261 0.5
507 538 0.5
507 565 0.5
507 765 0.5
510 246 0.5
510 361 0.5
510 880 0.5
512 989 0.5
515 497 0.5
515 517 0.5
516 665 0.5
516 914 0.5
516 945 0.5
519 146 0.5
519 390 0.5
524 261 0.5
524 410 0.5
524 565 0.5
524 765 0.5
524 867 0.5
524 945 0.5
526 245 0.5
526 804 0.5
526 897 0.5
527 174 0.5
527 887 0.5
528 290 0.5
528 451 0.5
528 742 0.5
531 311 0.5
533 571 0.5
533 941 0.5
535 422 0.5
536 296 0.5
536 337 0.5
536 834 0.5
545 553 0.5
545 659 0.5
550 59 0.5
556 185 0.5
556 315 0.5
556 539 0.5
557 870 0.5
562 69 0.5
562 70 0.5
562 164 0.5
562 824 0.5
566 63 0.5
566 388 0.5
566 403 0.5
566 458 0.5
566 459 0.5
567 367 0.5
567 547 0.5
568 540 0.5
568 621 0.5
568 961 0.5
569 71 0.5
569 130 0.5
569 131 0.5
569 430 0.5
569 763 0.5
569 851 0.5
571 669 0.5
575 125 0.5
575 530 0.5
576 86 0.5
576 832 0.5
577 332 0.5
577 369 0.5
581 587 0.5
581 679 0.5
582 288 0.5
582 583 0.5
586 390 0.5
591 146 0.5
591 390 0.5
591 573 0.5
595 74 0.5
595 889 0.5
596 106 0.5
596 343 0.5
596 344 0.5
596 345 0.5
596 346 0.5
596 347 0.5
596 348 0.5
596 794 0.5
596 795 0.5
597 491 0.5
597 700 0.5
599 4 0.5
599 874 0.5
601 165 0.5
601 407 0.5
601 469 0.5
601 568 0.5
601 693 0.5
601 694 0.5
601 695 0.5
601 697 0.5
601 698 0.5
603 295 0.5
603 469 0.5
603 544 0.5
604 85 0.5
604 373 0.5
611 287 0.5
615 263 0.5
615 538 0.5
615 765 0.5
615 983 0.5
615 987 0.5
615 989 0.5
617 208 0.5
617 649 0.5
617 693 0.5
617 694 0.5
617 697 0.5
621 86 0.5
621 260 0.5
621 389 0.5
628 322 0.5
628 342 0.5
628 760 0.5
628 946 0.5
630 223 0.5
630 241 0.5
630 608 0.5
630 711 0.5
631 438 0.5
631 752 0.5
632 93 0.5
632 180 0.5
632 190 0.5
632 223 0.5
632 267 0.5
633 180 0.5
633 190 0.5
633 223 0.5
633 925 0.5
633 928 0.5
637 487 0.5
638 282 0.5
638 898 0.5
639 58 0.5
639 92 0.5
639 127 0.5
639 133 0.5
647 410 0.5
647 566 0.5
647 826 0.5
649 4 0.5
649 230 0.5
649 613 0.5
649 614 0.5
649 803 0.5
649 886 0.5
650 596 0.5
650 653 0.5
654 280 0.5
654 329 0.5
657 340 0.5
660 46 0.5
660 134 0.5
664 319 0.5
666 165 0.5
666 407 0.5
666 568 0.5
666 693 0.5
666 694 0.5
666 695 0.5
666 696 0.5
666 697 0.5
666 698 0.5
669 171 0.5
669 290 0.5
669 385 0.5
669 982 0.5
671 469 0.5
673 800 0.5
674 832 0.5
675 164 0.5
675 170 0.5
675 307 0.5
675 648 0.5
675 696 0.5
678 330 0.5
683 75 0.5
684 50 0.5
688 898 0.5
691 411 0.5
692 263 0.5
692 538 0.5
692 697 0.5
692 765 0.5
692 983 0.5
695 903 0.5
696 531 0.5
697 77 0.5
698 304 0.5
698 639 0.5
698 956 0.5
702 478 0.5
703 796 0.5
704 127 0.5
704 454 0.5
705 86 0.5
705 390 0.5
706 100 0.5
709 421 0.5
709 487 0.5
713 92 0.5
713 99 0.5
713 277 0.5
713 367 0.5
713 474 0.5
714 351 0.5
714 356 0.5
714 811 0.5
714 829 0.5
716 251 0.5
716 392 0.5
716 642 0.5
716 931 0.5
717 54 0.5
717 603 0.5
719 669 0.5
719 726 0.5
719 982 0.5
721 797 0.5
722 165 0.5
722 412 0.5
722 453 0.5
722 699 0.5
726 290 0.5
726 669 0.5
726 701 0.5
727 454 0.5
727 927 0.5
728 367 0.5
728 494 0.5
728 657 0.5
728 664 0.5
744 481 0.5
744 497 0.5
748 593 0.5
750 929 0.5
753 198 0.5
753 512 0.5
754 6 0.5
754 232 0.5
756 282 0.5
756 395 0.5
758 205 0.5
758 719 0.5
761 326 0.5
762 408 0.5
762 628 0.5
762 889 0.5
765 67 0.5
765 68 0.5
765 422 0.5
766 552 0.5
768 549 0.5
768 892 0.5
774 148 0.5
774 538 0.5
774 628 0.5
774 766 0.5
776 407 0.5
776 847 0.5
776 982 0.5
776 984 0.5
776 985 0.5
776 988 0.5
776 989 0.5
781 449 0.5
781 903 0.5
786 208 0.5
788 402 0.5
789 742 0.5
791 487 0.5
791 992 0.5
792 604 0.5
792 605 0.5
794 922 0.5
798 58 0.5
798 171 0.5
798 424 0.5
798 638 0.5
811 22 0.5
811 320 0.5
820 260 0.5
820 272 0.5
821 372 0.5
822 455 0.5
823 174 0.5
823 344 0.5
823 636 0.5
823 867 0.5
825 217 0.5
825 526 0.5
825 965 0.5
826 31 0.5
826 138 0.5
826 385 0.5
827 174 0.5
827 405 0.5
827 409 0.5
827 411 0.5
827 412 0.5
827 771 0.5
829 100 0.5
830 481 0.5
830 685 0.5
831 20 0.5
831 378 0.5
831 830 0.5
832 169 0.5
832 517 0.5
832 985 0.5
832 988 0.5
835 187 0.5
835 190 0.5
835 260 0.5
835 613 0.5
837 30 0.5
837 340 0.5
838 415 0.5
839 332 0.5
841 185 0.5
841 256 0.5
841 838 0.5
841 842 0.5
842 109 0.5
844 143 0.5
846 720 0.5
851 129 0.5
851 183 0.5
851 505 0.5
851 565 0.5
851 566 0.5
851 567 0.5
851 568 0.5
855 90 0.5
855 407 0.5
855 565 0.5
855 694 0.5
855 695 0.5
855 699 0.5
855 984 0.5
856 334 0.5
856 781 0.5
857 499 0.5
857 873 0.5
857 879 0.5
857 884 0.5
858 605 0.5
858 812 0.5
859 131 0.5
859 133 0.5
859 267 0.5
859 429 0.5
859 677 0.5
859 794 0.5
862 13 0.5
862 216 0.5
862 648 0.5
862 758 0.5
864 58 0.5
864 128 0.5
864 257 0.5
864 664 0.5
865 993 0.5
866 709 0.5
867 213 0.5
867 596 0.5
867 674 0.5
868 298 0.5
868 379 0.5
870 268 0.5
870 306 0.5
871 901 0.5
886 257 0.5
886 554 0.5
886 650 0.5
886 878 0.5
889 167 0.5
889 606 0.5
890 436 0.5
890 762 0.5
891 161 0.5
891 992 0.5
892 900 0.5
893 261 0.5
893 410 0.5
893 565 0.5
893 699 0.5
893 765 0.5
893 867 0.5
893 945 0.5
896 509 0.5
896 660 0.5
897 147 0.5
897 410 0.5
897 566 0.5
897 826 0.5
901 129 0.5
901 695 0.5
901 699 0.5
902 276 0.5
902 739 0.5
902 786 0.5
904 244 0.5
906 30 0.5
911 932 0.5
911 957 0.5
911 958 0.5
912 293 0.5
912 569 0.5
912 763 0.5
920 127 0.5
920 187 0.5
920 697 0.5
920 841 0.5
922 617 0.5
923 30 0.5
924 464 0.5
924 927 0.5
924 928 0.5
924 929 0.5
925 105 0.5
925 128 0.5
927 433 0.5
927 654 0.5
927 681 0.5
928 520 0.5
928 750 0.5
928 824 0.5
930 17 0.5
930 97 0.5
930 332 0.5
934 834 0.5
934 850 0.5
938 935 0.5
941 172 0.5
941 407 0.5
941 568 0.5
941 636 0.5
941 694 0.5
941 695 0.5
941 696 0.5
941 697 0.5
941 763 0.5
941 764 0.5
945 176 0.5
945 205 0.5
945 602 0.5
945 850 0.5
945 966 0.5
946 367 0.5
946 702 0.5
952 850 0.5
954 2 0.5
955 132 0.5
955 335 0.5
956 182 0.5
956 418 0.5
958 158 0.5
958 220 0.5
958 344 0.5
958 697 0.5
961 493 0.5
961 574 0.5
961 674 0.5
963 198 0.5
963 421 0.5
963 691 0.5
967 350 0.5
967 946 0.5
968 870 0.5
971 401 0.5
972 631 0.5
977 343 0.5
977 505 0.5
983 185 0.5
983 279 0.5
983 426 0.5
984 647 0.5
985 141 0.5
985 616 0.5
985 801 0.5
987 18 0.5
987 118 0.5
988 933 0.5
990 759 0.5
990 897 0.5
992 503 0.5
992 815 0.5
992 960 0.5
