101 73 0.4
103 1 0.4
109 1 0.4
140 1 0.4
144 1 0.4
145 12 0.4
145 14 0.4
145 20 0.4
145 26 0.4
145 3 0.4
145 46 0.4
145 70 0.4
145 88 0.4
145 98 0.4
157 1 0.4
160 1 0.4
174 1 0.4
174 71 0.4
189 1 0.4
194 145 0.4
195 145 0.4
200 1 0.4
201 1 0.4
202 1 0.4
209 1 0.4
209 111 0.4
209 160 0.4
209 174 0.4
209 27 0.4
209 81 0.4
217 57 0.4
226 1 0.4
226 127 0.4
226 31 0.4
232 1 0.4
237 209 0.4
238 237 0.4
279 1 0.4
281 1 0.4
286 174 0.4
286 209 0.4
293 1 0.4
293 103 0.4
293 145 0.4
293 16 0.4
293 160 0.4
293 188 0.4
293 195 0.4
293 209 0.4
293 237 0.4
293 291 0.4
293 292 0.4
293 3 0.4
293 38 0.4
293 43 0.4
293 45 0.4
293 50 0.4
293 59 0.4
293 68 0.4
297 1 0.4
297 127 0.4
297 24 0.4
297 270 0.4
297 293 0.4
297 41 0.4
303 22 0.4
32 1 0.4
33 1 0.4
376 174 0.4
377 293 0.4
378 1 0.4
378 293 0.4
38 1 0.4
3 1 0.4
400 132 0.4
450 419 0.4
48 1 0.4
513 209 0.4
513 293 0.4
517 286 0.4
549 239 0.4
553 517 0.4
568 293 0.4
577 209 0.4
577 549 0.4
600 1 0.4
600 159 0.4
600 209 0.4
600 293 0.4
63 1 0.4
668 13 0.4
668 293 0.4
680 288 0.4
683 293 0.4
693 1 0.4
693 293 0.4
701 1 0.4
701 101 0.4
701 109 0.4
701 125 0.4
701 140 0.4
701 144 0.4
701 145 0.4
701 157 0.4
701 17 0.4
701 174 0.4
701 200 0.4
701 209 0.4
701 293 0.4
701 297 0.4
701 33 0.4
701 49 0.4
701 557 0.4
701 577 0.4
701 6 0.4
701 646 0.4
701 690 0.4
701 71 0.4
701 80 0.4
701 81 0.4
701 90 0.4
702 109 0.4
702 286 0.4
702 701 0.4
703 173 0.4
703 701 0.4
704 701 0.4
705 701 0.4
705 702 0.4
705 703 0.4
706 209 0.4
70 1 0.4
714 1 0.4
714 701 0.4
715 1 0.4
715 701 0.4
71 1 0.4
71 32 0.4
721 145 0.4
721 208 0.4
721 219 0.4
721 255 0.4
721 272 0.4
721 295 0.4
721 398 0.4
721 400 0.4
721 412 0.4
721 422 0.4
721 424 0.4
721 467 0.4
721 568 0.4
721 571 0.4
721 625 0.4
721 637 0.4
721 89 0.4
724 227 0.4
724 425 0.4
724 446 0.4
724 568 0.4
724 619 0.4
724 635 0.4
724 637 0.4
724 638 0.4
724 703 0.4
745 721 0.4
747 724 0.4
763 1 0.4
765 721 0.4
767 721 0.4
786 293 0.4
786 7 0.4
789 293 0.4
789 513 0.4
790 286 0.4
790 719 0.4
797 1 0.4
800 577 0.4
802 549 0.4
803 577 0.4
808 549 0.4
813 701 0.4
814 701 0.4
815 701 0.4
815 705 0.4
816 701 0.4
816 813 0.4
817 701 0.4
818 701 0.4
818 74 0.4
834 174 0.4
839 838 0.4
852 701 0.4
852 838 0.4
855 577 0.4
855 611 0.4
89 1 0.4
90 1 0.4
101 73 0.4
103 1 0.4
109 1 0.4
1103 103 0.4
1103 145 0.4
1103 293 0.4
1103 702 0.4
1104 1103 0.4
1124 1103 0.4
1126 1103 0.4
1130 286 0.4
1136 286 0.4
1140 1103 0.4
1140 1136 0.4
1200 1103 0.4
1200 1136 0.4
1206 145 0.4
1207 145 0.4
1213 702 0.4
1215 1 0.4
1221 1 0.4
1221 109 0.4
1221 151 0.4
1221 715 0.4
1224 38 0.4
1227 195 0.4
1236 1 0.4
1239 1 0.4
1239 101 0.4
1239 102 0.4
1239 109 0.4
1239 122 0.4
1239 157 0.4
1239 174 0.4
1239 209 0.4
1239 238 0.4
1239 243 0.4
1239 293 0.4
1239 297 0.4
1239 568 0.4
1239 577 0.4
1239 6 0.4
1239 600 0.4
1239 668 0.4
1239 701 0.4
1239 715 0.4
1239 721 0.4
1239 803 0.4
1239 81 0.4
1239 852 0.4
1249 145 0.4
1254 297 0.4
1257 702 0.4
1267 1 0.4
1270 517 0.4
1270 702 0.4
1273 286 0.4
1273 517 0.4
1275 680 0.4
1276 1 0.4
1280 701 0.4
1290 174 0.4
1294 701 0.4
1294 702 0.4
1295 701 0.4
1298 703 0.4
1299 1200 0.4
1299 1273 0.4
1299 1290 0.4
1299 286 0.4
1299 702 0.4
1309 1301 0.4
1309 775 0.4
1311 1 0.4
1321 690 0.4
1322 690 0.4
1323 690 0.4
1324 690 0.4
1325 690 0.4
1326 690 0.4
1327 690 0.4
1328 690 0.4
1330 690 0.4
1331 690 0.4
1332 690 0.4
1333 690 0.4
1334 377 0.4
1334 690 0.4
1335 1322 0.4
1341 1239 0.4
1341 701 0.4
1342 286 0.4
140 1 0.4
144 1 0.4
1451 721 0.4
1452 721 0.4
1456 721 0.4
1458 721 0.4
1459 721 0.4
145 12 0.4
145 14 0.4
145 20 0.4
145 26 0.4
145 3 0.4
145 46 0.4
145 70 0.4
145 88 0.4
145 98 0.4
1460 721 0.4
1461 745 0.4
1462 721 0.4
1463 721 0.4
1464 721 0.4
1466 721 0.4
1467 721 0.4
1468 721 0.4
1471 721 0.4
1472 721 0.4
1474 721 0.4
1475 721 0.4
1476 721 0.4
1477 721 0.4
1480 721 0.4
1482 721 0.4
1483 721 0.4
1484 721 0.4
1485 721 0.4
1488 721 0.4
1489 721 0.4
1491 721 0.4
1492 721 0.4
1494 721 0.4
1498 721 0.4
1499 721 0.4
1503 721 0.4
1504 721 0.4
1505 721 0.4
1507 721 0.4
1511 721 0.4
1521 721 0.4
1527 721 0.4
1531 721 0.4
1533 721 0.4
1545 721 0.4
157 1 0.4
1583 1580 0.4
1590 721 0.4
1591 209 0.4
1591 721 0.4
1597 721 0.4
1598 721 0.4
1600 724 0.4
1602 724 0.4
160 1 0.4
1637 724 0.4
1649 724 0.4
1653 1299 0.4
1653 702 0.4
1662 690 0.4
1663 701 0.4
1668 1 0.4
1668 1239 0.4
1668 209 0.4
1668 701 0.4
1668 703 0.4
1670 702 0.4
1673 1321 0.4
1673 1322 0.4
1673 1323 0.4
1673 1324 0.4
1673 1325 0.4
1673 1326 0.4
1673 1327 0.4
1673 1328 0.4
1673 1329 0.4
1673 1330 0.4
1673 1331 0.4
1673 1332 0.4
1673 1333 0.4
1673 1334 0.4
1673 1662 0.4
1673 1663 0.4
1673 1667 0.4
1673 1670 0.4
1673 701 0.4
1674 1673 0.4
1677 1665 0.4
1677 1673 0.4
1677 1675 0.4
1677 690 0.4
1678 701 0.4
1680 701 0.4
1680 702 0.4
1682 1668 0.4
1682 701 0.4
1687 1673 0.4
1691 1 0.4
1691 701 0.4
1691 852 0.4
1692 701 0.4
1694 1673 0.4
1695 1326 0.4
1698 1239 0.4
1698 1324 0.4
1698 701 0.4
1708 1309 0.4
1717 1309 0.4
1727 724 0.4
1733 568 0.4
1733 772 0.4
1740 1236 0.4
1740 1239 0.4
1740 174 0.4
1740 195 0.4
1740 293 0.4
1740 297 0.4
1740 568 0.4
1740 668 0.4
1740 701 0.4
1741 1739 0.4
1741 544 0.4
1741 565 0.4
1742 145 0.4
1742 209 0.4
1744 701 0.4
1746 1 0.4
1746 1239 0.4
1746 1740 0.4
1746 293 0.4
1749 297 0.4
174 1 0.4
174 71 0.4
1754 680 0.4
1755 1 0.4
1755 109 0.4
1755 1239 0.4
1755 1257 0.4
1755 1267 0.4
1755 1273 0.4
1755 1299 0.4
1755 174 0.4
1755 286 0.4
1755 701 0.4
1755 702 0.4
1757 1239 0.4
1757 209 0.4
1757 701 0.4
1759 1755 0.4
1759 701 0.4
1760 1239 0.4
1760 701 0.4
1760 99 0.4
1761 209 0.4
1763 701 0.4
1767 1239 0.4
1767 701 0.4
1784 1239 0.4
1784 701 0.4
1785 12 0.4
1785 1239 0.4
1785 14 0.4
1785 20 0.4
1785 26 0.4
1785 43 0.4
1789 1239 0.4
1790 1239 0.4
1791 1239 0.4
1800 1 0.4
1800 1239 0.4
1800 1257 0.4
1800 1740 0.4
1800 209 0.4
1800 293 0.4
1829 293 0.4
1830 1 0.4
1832 209 0.4
1833 1 0.4
1833 1221 0.4
1833 1239 0.4
1833 1299 0.4
1833 174 0.4
1833 701 0.4
1835 702 0.4
1836 286 0.4
1836 513 0.4
1836 559 0.4
1842 145 0.4
1842 293 0.4
1842 297 0.4
1842 715 0.4
1843 297 0.4
1849 1299 0.4
1849 702 0.4
1853 1113 0.4
1853 1114 0.4
1853 1117 0.4
1853 1119 0.4
1853 1120 0.4
1853 1205 0.4
1853 1755 0.4
1853 1776 0.4
1853 679 0.4
1853 760 0.4
1874 701 0.4
1874 721 0.4
1877 1800 0.4
1879 1800 0.4
1880 1257 0.4
1880 1755 0.4
1880 1800 0.4
1880 1877 0.4
1882 1880 0.4
1883 1880 0.4
1888 1103 0.4
1889 1270 0.4
1889 1273 0.4
1889 1290 0.4
1889 1755 0.4
1889 286 0.4
1890 702 0.4
1891 286 0.4
1897 286 0.4
1899 286 0.4
1899 789 0.4
189 1 0.4
1901 1120 0.4
1901 1273 0.4
1901 1776 0.4
1901 286 0.4
1901 679 0.4
1902 286 0.4
1903 286 0.4
1904 721 0.4
1909 195 0.4
1913 1 0.4
1913 1556 0.4
1913 1559 0.4
1913 1562 0.4
1913 1564 0.4
1913 1565 0.4
1913 1569 0.4
1913 1580 0.4
1913 1583 0.4
1913 1589 0.4
1913 1590 0.4
1913 1733 0.4
1913 450 0.4
1913 454 0.4
1913 509 0.4
1913 568 0.4
1913 655 0.4
1913 702 0.4
1913 721 0.4
1914 721 0.4
1928 1239 0.4
1940 261 0.4
194 145 0.4
1959 1913 0.4
1959 724 0.4
195 145 0.4
1968 209 0.4
1975 701 0.4
1982 701 0.4
1984 1913 0.4
1985 724 0.4
1989 724 0.4
1998 57 0.4
2003 701 0.4
200 1 0.4
2011 701 0.4
2012 1955 0.4
2015 1239 0.4
2019 701 0.4
201 1 0.4
2024 1 0.4
2028 702 0.4
202 1 0.4
2033 701 0.4
2036 1853 0.4
2041 1 0.4
2041 1239 0.4
2041 1740 0.4
2041 293 0.4
2041 701 0.4
2046 721 0.4
2047 1836 0.4
2047 702 0.4
2050 1239 0.4
2052 701 0.4
2089 779 0.4
2089 789 0.4
209 1 0.4
209 111 0.4
209 160 0.4
209 174 0.4
209 27 0.4
209 81 0.4
2107 1324 0.4
2110 1 0.4
2110 286 0.4
2110 702 0.4
2116 224 0.4
2116 286 0.4
2118 1299 0.4
2120 1257 0.4
2134 286 0.4
2140 701 0.4
2149 174 0.4
2150 209 0.4
2150 701 0.4
2154 209 0.4
2154 701 0.4
2163 237 0.4
2163 701 0.4
2165 701 0.4
2167 702 0.4
2170 1221 0.4
2173 701 0.4
217 57 0.4
2193 2060 0.4
2200 1300 0.4
2200 1303 0.4
2200 1304 0.4
2200 1305 0.4
2200 1307 0.4
2200 1717 0.4
2200 1719 0.4
2200 1720 0.4
2200 1723 0.4
2200 1935 0.4
2200 1936 0.4
2200 1939 0.4
2200 1940 0.4
2200 1942 0.4
2200 2088 0.4
2200 2188 0.4
2200 2193 0.4
2200 293 0.4
2200 776 0.4
2200 777 0.4
2200 779 0.4
2200 781 0.4
2200 789 0.4
2202 2200 0.4
2222 2200 0.4
2223 1309 0.4
2236 2200 0.4
2259 2200 0.4
2269 2200 0.4
226 1 0.4
226 127 0.4
226 31 0.4
2274 1746 0.4
2276 701 0.4
2277 1239 0.4
2277 701 0.4
232 1 0.4
2379 1239 0.4
2379 701 0.4
237 209 0.4
2380 1759 0.4
2381 1 0.4
2381 59 0.4
238 237 0.4
2418 2200 0.4
2457 1951 0.4
2457 2200 0.4
2477 2200 0.4
2478 2200 0.4
2493 174 0.4
2493 834 0.4
2494 760 0.4
2496 2495 0.4
2497 1 0.4
2497 109 0.4
2497 1239 0.4
2497 1740 0.4
2497 1746 0.4
2497 1800 0.4
2497 2041 0.4
2497 209 0.4
2497 293 0.4
2497 297 0.4
2497 33 0.4
2497 701 0.4
2497 703 0.4
2498 2497 0.4
2500 2497 0.4
2501 2500 0.4
2504 2500 0.4
2505 293 0.4
2506 2500 0.4
2508 2500 0.4
2509 2497 0.4
2510 2497 0.4
2511 1 0.4
2511 173 0.4
2511 2500 0.4
2513 2497 0.4
2513 2505 0.4
2514 2497 0.4
2515 2497 0.4
2516 1221 0.4
2516 1239 0.4
2516 1668 0.4
2516 202 0.4
2516 209 0.4
2516 2497 0.4
2516 2500 0.4
2516 2510 0.4
2516 2513 0.4
2516 2514 0.4
2516 701 0.4
2516 715 0.4
2518 2497 0.4
2518 2516 0.4
2519 2497 0.4
2519 2516 0.4
2521 174 0.4
2521 2497 0.4
2521 2514 0.4
2523 2497 0.4
2523 2513 0.4
2524 2521 0.4
2526 2497 0.4
2526 2516 0.4
2527 2497 0.4
2527 2516 0.4
2529 1239 0.4
2529 1299 0.4
2529 1755 0.4
2532 701 0.4
2534 701 0.4
2547 1955 0.4
2548 1 0.4
2548 1239 0.4
2548 1280 0.4
2548 1668 0.4
2548 174 0.4
2548 1740 0.4
2548 1746 0.4
2548 1785 0.4
2548 1800 0.4
2548 1833 0.4
2548 2041 0.4
2548 209 0.4
2548 237 0.4
2548 2497 0.4
2548 2516 0.4
2548 293 0.4
2548 297 0.4
2548 33 0.4
2548 568 0.4
2548 600 0.4
2548 668 0.4
2548 683 0.4
2548 701 0.4
2548 77 0.4
2551 1 0.4
2551 1239 0.4
2551 174 0.4
2551 1740 0.4
2551 1746 0.4
2551 2041 0.4
2551 209 0.4
2551 2497 0.4
2551 2548 0.4
2551 293 0.4
2551 297 0.4
2551 568 0.4
2551 668 0.4
2551 683 0.4
2551 701 0.4
2551 715 0.4
2552 145 0.4
2554 174 0.4
2554 2521 0.4
2554 2524 0.4
2559 1 0.4
2559 1674 0.4
2562 161 0.4
2562 701 0.4
2568 1740 0.4
2571 1740 0.4
2572 145 0.4
2572 209 0.4
2575 1239 0.4
2576 701 0.4
2578 2118 0.4
2578 701 0.4
2588 1299 0.4
2594 1267 0.4
2603 1653 0.4
2603 1741 0.4
2603 1755 0.4
2603 1835 0.4
2603 1880 0.4
2603 1887 0.4
2603 224 0.4
2603 293 0.4
2603 702 0.4
2607 1755 0.4
2612 1836 0.4
2629 1913 0.4
2632 1913 0.4
2637 1 0.4
2640 293 0.4
2641 195 0.4
2647 1103 0.4
2647 1273 0.4
2647 288 0.4
2647 701 0.4
2647 702 0.4
2647 703 0.4
2648 194 0.4
2650 745 0.4
2652 577 0.4
2652 820 0.4
2659 2652 0.4
2683 2148 0.4
2683 2643 0.4
2685 1 0.4
2685 1239 0.4
2685 1698 0.4
2685 174 0.4
2685 1842 0.4
2685 2041 0.4
2685 209 0.4
2685 237 0.4
2685 2497 0.4
2685 2548 0.4
2685 2551 0.4
2685 293 0.4
2685 297 0.4
2685 568 0.4
2685 701 0.4
2686 1299 0.4
2686 1899 0.4
2686 2134 0.4
2686 2685 0.4
2687 1221 0.4
2687 2497 0.4
2687 2685 0.4
2688 2685 0.4
2698 209 0.4
2698 2640 0.4
2701 2495 0.4
2706 703 0.4
2711 1239 0.4
2711 209 0.4
2711 2551 0.4
2712 701 0.4
2714 1 0.4
2715 1916 0.4
2716 1916 0.4
2746 1913 0.4
2746 724 0.4
2749 701 0.4
2752 1239 0.4
2752 701 0.4
2764 1221 0.4
2767 800 0.4
2767 808 0.4
279 1 0.4
2818 1290 0.4
2818 286 0.4
2818 702 0.4
2819 286 0.4
281 1 0.4
2820 1299 0.4
2820 2578 0.4
2822 702 0.4
2823 1221 0.4
2823 2764 0.4
2824 1239 0.4
2824 701 0.4
2825 1239 0.4
2825 701 0.4
2828 1 0.4
2828 103 0.4
2828 1239 0.4
2828 1668 0.4
2828 174 0.4
2828 1740 0.4
2828 1746 0.4
2828 1785 0.4
2828 2041 0.4
2828 209 0.4
2828 226 0.4
2828 2497 0.4
2828 2516 0.4
2828 2548 0.4
2828 2551 0.4
2828 2685 0.4
2828 293 0.4
2828 297 0.4
2828 32 0.4
2828 33 0.4
2828 378 0.4
2828 513 0.4
2828 577 0.4
2828 600 0.4
2828 683 0.4
2828 701 0.4
2830 1849 0.4
2830 2822 0.4
2830 702 0.4
2831 1653 0.4
2833 1653 0.4
2834 1653 0.4
2836 1653 0.4
2837 1653 0.4
2839 1653 0.4
2841 1653 0.4
2842 1653 0.4
2843 1653 0.4
2846 1653 0.4
2848 2148 0.4
2848 2683 0.4
2852 1755 0.4
2853 701 0.4
2856 1 0.4
2856 1239 0.4
2856 1849 0.4
2856 701 0.4
2856 702 0.4
2857 286 0.4
2863 1257 0.4
286 174 0.4
286 209 0.4
2874 1257 0.4
2874 1299 0.4
2875 2683 0.4
2876 702 0.4
2882 2551 0.4
2882 2828 0.4
2883 237 0.4
2883 2828 0.4
2895 2578 0.4
2895 2587 0.4
2897 2548 0.4
2899 1239 0.4
2899 701 0.4
2901 1829 0.4
2901 701 0.4
2905 701 0.4
2907 2497 0.4
2907 2498 0.4
2907 2500 0.4
2907 2501 0.4
2907 2503 0.4
2907 2504 0.4
2907 2505 0.4
2907 2506 0.4
2907 2508 0.4
2907 2520 0.4
2911 1239 0.4
2914 1 0.4
2914 101 0.4
2914 103 0.4
2914 1221 0.4
2914 1224 0.4
2914 1239 0.4
2914 174 0.4
2914 1740 0.4
2914 1746 0.4
2914 1755 0.4
2914 1798 0.4
2914 1833 0.4
2914 2041 0.4
2914 209 0.4
2914 226 0.4
2914 234 0.4
2914 237 0.4
2914 2497 0.4
2914 2510 0.4
2914 2514 0.4
2914 2516 0.4
2914 2518 0.4
2914 2548 0.4
2914 2551 0.4
2914 2568 0.4
2914 267 0.4
2914 2685 0.4
2914 278 0.4
2914 2818 0.4
2914 2828 0.4
2914 2907 0.4
2914 293 0.4
2914 297 0.4
2914 302 0.4
2914 33 0.4
2914 38 0.4
2914 568 0.4
2914 668 0.4
2914 683 0.4
2914 701 0.4
2914 8 0.4
2914 88 0.4
2915 151 0.4
2915 2497 0.4
2928 209 0.4
2928 701 0.4
2933 1239 0.4
2939 2711 0.4
293 1 0.4
293 103 0.4
293 145 0.4
293 16 0.4
293 160 0.4
293 188 0.4
293 195 0.4
293 209 0.4
293 237 0.4
293 291 0.4
293 292 0.4
293 3 0.4
293 38 0.4
293 43 0.4
293 45 0.4
293 50 0.4
293 59 0.4
293 68 0.4
2941 701 0.4
297 1 0.4
297 127 0.4
297 24 0.4
297 270 0.4
297 293 0.4
297 41 0.4
303 22 0.4
32 1 0.4
33 1 0.4
376 174 0.4
377 293 0.4
378 1 0.4
378 293 0.4
38 1 0.4
3 1 0.4
400 132 0.4
450 419 0.4
48 1 0.4
513 209 0.4
513 293 0.4
517 286 0.4
549 239 0.4
553 517 0.4
568 293 0.4
577 209 0.4
577 549 0.4
600 1 0.4
600 159 0.4
600 209 0.4
600 293 0.4
63 1 0.4
668 13 0.4
668 293 0.4
680 288 0.4
683 293 0.4
693 1 0.4
693 293 0.4
701 1 0.4
701 101 0.4
701 109 0.4
701 125 0.4
701 140 0.4
701 144 0.4
701 145 0.4
701 157 0.4
701 17 0.4
701 174 0.4
701 200 0.4
701 209 0.4
701 293 0.4
701 297 0.4
701 33 0.4
701 49 0.4
701 557 0.4
701 577 0.4
701 6 0.4
701 646 0.4
701 690 0.4
701 71 0.4
701 80 0.4
701 81 0.4
701 90 0.4
702 109 0.4
702 286 0.4
702 701 0.4
703 173 0.4
703 701 0.4
704 701 0.4
705 701 0.4
705 702 0.4
705 703 0.4
706 209 0.4
70 1 0.4
714 1 0.4
714 701 0.4
715 1 0.4
715 701 0.4
71 1 0.4
71 32 0.4
721 145 0.4
721 208 0.4
721 219 0.4
721 255 0.4
721 272 0.4
721 295 0.4
721 398 0.4
721 400 0.4
721 412 0.4
721 422 0.4
721 424 0.4
721 467 0.4
721 568 0.4
721 571 0.4
721 625 0.4
721 637 0.4
721 89 0.4
724 227 0.4
724 425 0.4
724 446 0.4
724 568 0.4
724 619 0.4
724 635 0.4
724 637 0.4
724 638 0.4
724 703 0.4
745 721 0.4
747 724 0.4
763 1 0.4
765 721 0.4
767 721 0.4
786 293 0.4
786 7 0.4
789 293 0.4
789 513 0.4
790 286 0.4
790 719 0.4
797 1 0.4
800 577 0.4
802 549 0.4
803 577 0.4
808 549 0.4
813 701 0.4
814 701 0.4
815 701 0.4
815 705 0.4
816 701 0.4
816 813 0.4
817 701 0.4
818 701 0.4
818 74 0.4
834 174 0.4
839 838 0.4
852 701 0.4
852 838 0.4
855 577 0.4
855 611 0.4
89 1 0.4
90 1 0.4
101 73 0.4
103 1 0.4
109 1 0.4
1103 103 0.4
1103 145 0.4
1103 293 0.4
1103 702 0.4
1104 1103 0.4
1124 1103 0.4
1126 1103 0.4
1130 286 0.4
1136 286 0.4
1140 1103 0.4
1140 1136 0.4
1200 1103 0.4
1200 1136 0.4
1206 145 0.4
1207 145 0.4
1213 702 0.4
1215 1 0.4
1221 1 0.4
1221 109 0.4
1221 151 0.4
1221 715 0.4
1224 38 0.4
1227 195 0.4
1236 1 0.4
1239 1 0.4
1239 101 0.4
1239 102 0.4
1239 109 0.4
1239 122 0.4
1239 157 0.4
1239 174 0.4
1239 209 0.4
1239 238 0.4
1239 243 0.4
1239 293 0.4
1239 297 0.4
1239 568 0.4
1239 577 0.4
1239 6 0.4
1239 600 0.4
1239 668 0.4
1239 701 0.4
1239 715 0.4
1239 721 0.4
1239 803 0.4
1239 81 0.4
1239 852 0.4
1249 145 0.4
1254 297 0.4
1257 702 0.4
1267 1 0.4
1270 517 0.4
1270 702 0.4
1273 286 0.4
1273 517 0.4
1275 680 0.4
1276 1 0.4
1280 701 0.4
1290 174 0.4
1294 701 0.4
1294 702 0.4
1295 701 0.4
1298 703 0.4
1299 1200 0.4
1299 1273 0.4
1299 1290 0.4
1299 286 0.4
1299 702 0.4
1309 1301 0.4
1309 775 0.4
1311 1 0.4
1321 690 0.4
1322 690 0.4
1323 690 0.4
1324 690 0.4
1325 690 0.4
1326 690 0.4
1327 690 0.4
1328 690 0.4
1330 690 0.4
1331 690 0.4
1332 690 0.4
1333 690 0.4
1334 377 0.4
1334 690 0.4
1335 1322 0.4
1341 1239 0.4
1341 701 0.4
1342 286 0.4
140 1 0.4
144 1 0.4
1451 721 0.4
1452 721 0.4
1456 721 0.4
1458 721 0.4
1459 721 0.4
145 12 0.4
145 14 0.4
145 20 0.4
145 26 0.4
145 3 0.4
145 46 0.4
145 70 0.4
145 88 0.4
145 98 0.4
1460 721 0.4
1461 745 0.4
1462 721 0.4
1463 721 0.4
1464 721 0.4
1466 721 0.4
1467 721 0.4
1468 721 0.4
1471 721 0.4
1472 721 0.4
1474 721 0.4
1475 721 0.4
1476 721 0.4
1477 721 0.4
1480 721 0.4
1482 721 0.4
1483 721 0.4
1484 721 0.4
1485 721 0.4
1488 721 0.4
1489 721 0.4
1491 721 0.4
1492 721 0.4
1494 721 0.4
1498 721 0.4
1499 721 0.4
1503 721 0.4
1504 721 0.4
1505 721 0.4
1507 721 0.4
1511 721 0.4
1521 721 0.4
1527 721 0.4
1531 721 0.4
1533 721 0.4
1545 721 0.4
157 1 0.4
1583 1580 0.4
1590 721 0.4
1591 209 0.4
1591 721 0.4
1597 721 0.4
1598 721 0.4
1600 724 0.4
1602 724 0.4
160 1 0.4
1637 724 0.4
1649 724 0.4
1653 1299 0.4
1653 702 0.4
1662 690 0.4
1663 701 0.4
1668 1 0.4
1668 1239 0.4
1668 209 0.4
1668 701 0.4
1668 703 0.4
1670 702 0.4
1673 1321 0.4
1673 1322 0.4
1673 1323 0.4
1673 1324 0.4
1673 1325 0.4
1673 1326 0.4
1673 1327 0.4
1673 1328 0.4
1673 1329 0.4
1673 1330 0.4
1673 1331 0.4
1673 1332 0.4
1673 1333 0.4
1673 1334 0.4
1673 1662 0.4
1673 1663 0.4
1673 1667 0.4
1673 1670 0.4
1673 701 0.4
1674 1673 0.4
1677 1665 0.4
1677 1673 0.4
1677 1675 0.4
1677 690 0.4
1678 701 0.4
1680 701 0.4
1680 702 0.4
1682 1668 0.4
1682 701 0.4
1687 1673 0.4
1691 1 0.4
1691 701 0.4
1691 852 0.4
1692 701 0.4
1694 1673 0.4
1695 1326 0.4
1698 1239 0.4
1698 1324 0.4
1698 701 0.4
1708 1309 0.4
1717 1309 0.4
1727 724 0.4
1733 568 0.4
1733 772 0.4
1740 1236 0.4
1740 1239 0.4
1740 174 0.4
1740 195 0.4
1740 293 0.4
1740 297 0.4
1740 568 0.4
1740 668 0.4
1740 701 0.4
1741 1739 0.4
1741 544 0.4
1741 565 0.4
1742 145 0.4
1742 209 0.4
1744 701 0.4
1746 1 0.4
1746 1239 0.4
1746 1740 0.4
1746 293 0.4
1749 297 0.4
174 1 0.4
174 71 0.4
1754 680 0.4
1755 1 0.4
1755 109 0.4
1755 1239 0.4
1755 1257 0.4
1755 1267 0.4
1755 1273 0.4
1755 1299 0.4
1755 174 0.4
1755 286 0.4
1755 701 0.4
1755 702 0.4
1757 1239 0.4
1757 209 0.4
1757 701 0.4
1759 1755 0.4
1759 701 0.4
1760 1239 0.4
1760 701 0.4
1760 99 0.4
1761 209 0.4
1763 701 0.4
1767 1239 0.4
1767 701 0.4
1784 1239 0.4
1784 701 0.4
1785 12 0.4
1785 1239 0.4
1785 14 0.4
1785 20 0.4
1785 26 0.4
1785 43 0.4
1789 1239 0.4
1790 1239 0.4
1791 1239 0.4
1800 1 0.4
1800 1239 0.4
1800 1257 0.4
1800 1740 0.4
1800 209 0.4
1800 293 0.4
1829 293 0.4
1830 1 0.4
1832 209 0.4
1833 1 0.4
1833 1221 0.4
1833 1239 0.4
1833 1299 0.4
1833 174 0.4
1833 701 0.4
1835 702 0.4
1836 286 0.4
1836 513 0.4
1836 559 0.4
1842 145 0.4
1842 293 0.4
1842 297 0.4
1842 715 0.4
1843 297 0.4
1849 1299 0.4
1849 702 0.4
1853 1113 0.4
1853 1114 0.4
1853 1117 0.4
1853 1119 0.4
1853 1120 0.4
1853 1205 0.4
1853 1755 0.4
1853 1776 0.4
1853 679 0.4
1853 760 0.4
1874 701 0.4
1874 721 0.4
1877 1800 0.4
1879 1800 0.4
1880 1257 0.4
1880 1755 0.4
1880 1800 0.4
1880 1877 0.4
1882 1880 0.4
1883 1880 0.4
1888 1103 0.4
1889 1270 0.4
1889 1273 0.4
1889 1290 0.4
1889 1755 0.4
1889 286 0.4
1890 702 0.4
1891 286 0.4
1897 286 0.4
1899 286 0.4
1899 789 0.4
189 1 0.4
1901 1120 0.4
1901 1273 0.4
1901 1776 0.4
1901 286 0.4
1901 679 0.4
1902 286 0.4
1903 286 0.4
1904 721 0.4
1909 195 0.4
1913 1 0.4
1913 1556 0.4
1913 1559 0.4
1913 1562 0.4
1913 1564 0.4
1913 1565 0.4
1913 1569 0.4
1913 1580 0.4
1913 1583 0.4
1913 1589 0.4
1913 1590 0.4
1913 1733 0.4
1913 450 0.4
1913 454 0.4
1913 509 0.4
1913 568 0.4
1913 655 0.4
1913 702 0.4
1913 721 0.4
1914 721 0.4
1928 1239 0.4
1940 261 0.4
194 145 0.4
1959 1913 0.4
1959 724 0.4
195 145 0.4
1968 209 0.4
1975 701 0.4
1982 701 0.4
1984 1913 0.4
1985 724 0.4
1989 724 0.4
1998 57 0.4
2003 701 0.4
200 1 0.4
2011 701 0.4
2012 1955 0.4
2015 1239 0.4
2019 701 0.4
201 1 0.4
2024 1 0.4
2028 702 0.4
202 1 0.4
2033 701 0.4
2036 1853 0.4
2041 1 0.4
2041 1239 0.4
2041 1740 0.4
2041 293 0.4
2041 701 0.4
2046 721 0.4
2047 1836 0.4
2047 702 0.4
2050 1239 0.4
2052 701 0.4
2089 779 0.4
2089 789 0.4
209 1 0.4
209 111 0.4
209 160 0.4
209 174 0.4
209 27 0.4
209 81 0.4
2107 1324 0.4
2110 1 0.4
2110 286 0.4
2110 702 0.4
2116 224 0.4
2116 286 0.4
2118 1299 0.4
2120 1257 0.4
2134 286 0.4
2140 701 0.4
2149 174 0.4
2150 209 0.4
2150 701 0.4
2154 209 0.4
2154 701 0.4
2163 237 0.4
2163 701 0.4
2165 701 0.4
2167 702 0.4
2170 1221 0.4
2173 701 0.4
217 57 0.4
2193 2060 0.4
2200 1300 0.4
2200 1303 0.4
2200 1304 0.4
2200 1305 0.4
2200 1307 0.4
2200 1717 0.4
2200 1719 0.4
2200 1720 0.4
2200 1723 0.4
2200 1935 0.4
2200 1936 0.4
2200 1939 0.4
2200 1940 0.4
2200 1942 0.4
2200 2088 0.4
2200 2188 0.4
2200 2193 0.4
2200 293 0.4
2200 776 0.4
2200 777 0.4
2200 779 0.4
2200 781 0.4
2200 789 0.4
2202 2200 0.4
2222 2200 0.4
2223 1309 0.4
2236 2200 0.4
2259 2200 0.4
2269 2200 0.4
226 1 0.4
226 127 0.4
226 31 0.4
2274 1746 0.4
2276 701 0.4
2277 1239 0.4
2277 701 0.4
232 1 0.4
2379 1239 0.4
2379 701 0.4
237 209 0.4
2380 1759 0.4
2381 1 0.4
2381 59 0.4
238 237 0.4
2418 2200 0.4
2457 1951 0.4
2457 2200 0.4
2477 2200 0.4
2478 2200 0.4
2493 174 0.4
2493 834 0.4
2494 760 0.4
2496 2495 0.4
2497 1 0.4
2497 109 0.4
2497 1239 0.4
2497 1740 0.4
2497 1746 0.4
2497 1800 0.4
2497 2041 0.4
2497 209 0.4
2497 293 0.4
2497 297 0.4
2497 33 0.4
2497 701 0.4
2497 703 0.4
2498 2497 0.4
2500 2497 0.4
2501 2500 0.4
2504 2500 0.4
2505 293 0.4
2506 2500 0.4
2508 2500 0.4
2509 2497 0.4
2510 2497 0.4
2511 1 0.4
2511 173 0.4
2511 2500 0.4
2513 2497 0.4
2513 2505 0.4
2514 2497 0.4
2515 2497 0.4
2516 1221 0.4
2516 1239 0.4
2516 1668 0.4
2516 202 0.4
2516 209 0.4
2516 2497 0.4
2516 2500 0.4
2516 2510 0.4
2516 2513 0.4
2516 2514 0.4
2516 701 0.4
2516 715 0.4
2518 2497 0.4
2518 2516 0.4
2519 2497 0.4
2519 2516 0.4
2521 174 0.4
2521 2497 0.4
2521 2514 0.4
2523 2497 0.4
2523 2513 0.4
2524 2521 0.4
2526 2497 0.4
2526 2516 0.4
2527 2497 0.4
2527 2516 0.4
2529 1239 0.4
2529 1299 0.4
2529 1755 0.4
2532 701 0.4
2534 701 0.4
2547 1955 0.4
2548 1 0.4
2548 1239 0.4
2548 1280 0.4
2548 1668 0.4
2548 174 0.4
2548 1740 0.4
2548 1746 0.4
2548 1785 0.4
2548 1800 0.4
2548 1833 0.4
2548 2041 0.4
2548 209 0.4
2548 237 0.4
2548 2497 0.4
2548 2516 0.4
2548 293 0.4
2548 297 0.4
2548 33 0.4
2548 568 0.4
2548 600 0.4
2548 668 0.4
2548 683 0.4
2548 701 0.4
2548 77 0.4
2551 1 0.4
2551 1239 0.4
2551 174 0.4
2551 1740 0.4
2551 1746 0.4
2551 2041 0.4
2551 209 0.4
2551 2497 0.4
2551 2548 0.4
2551 293 0.4
2551 297 0.4
2551 568 0.4
2551 668 0.4
2551 683 0.4
2551 701 0.4
2551 715 0.4
2552 145 0.4
2554 174 0.4
2554 2521 0.4
2554 2524 0.4
2559 1 0.4
2559 1674 0.4
2562 161 0.4
2562 701 0.4
2568 1740 0.4
2571 1740 0.4
2572 145 0.4
2572 209 0.4
2575 1239 0.4
2576 701 0.4
2578 2118 0.4
2578 701 0.4
2588 1299 0.4
2594 1267 0.4
2603 1653 0.4
2603 1741 0.4
2603 1755 0.4
2603 1835 0.4
2603 1880 0.4
2603 1887 0.4
2603 224 0.4
2603 293 0.4
2603 702 0.4
2607 1755 0.4
2612 1836 0.4
2629 1913 0.4
2632 1913 0.4
2637 1 0.4
2640 293 0.4
2641 195 0.4
2647 1103 0.4
2647 1273 0.4
2647 288 0.4
2647 701 0.4
2647 702 0.4
2647 703 0.4
2648 194 0.4
2650 745 0.4
2652 577 0.4
2652 820 0.4
2659 2652 0.4
2683 2148 0.4
2683 2643 0.4
2685 1 0.4
2685 1239 0.4
2685 1698 0.4
2685 174 0.4
2685 1842 0.4
2685 2041 0.4
2685 209 0.4
2685 237 0.4
2685 2497 0.4
2685 2548 0.4
2685 2551 0.4
2685 293 0.4
2685 297 0.4
2685 568 0.4
2685 701 0.4
2686 1299 0.4
2686 1899 0.4
2686 2134 0.4
2686 2685 0.4
2687 1221 0.4
2687 2497 0.4
2687 2685 0.4
2688 2685 0.4
2698 209 0.4
2698 2640 0.4
2701 2495 0.4
2706 703 0.4
2711 1239 0.4
2711 209 0.4
2711 2551 0.4
2712 701 0.4
2714 1 0.4
2715 1916 0.4
2716 1916 0.4
2746 1913 0.4
2746 724 0.4
2749 701 0.4
2752 1239 0.4
2752 701 0.4
2764 1221 0.4
2767 800 0.4
2767 808 0.4
279 1 0.4
2818 1290 0.4
2818 286 0.4
2818 702 0.4
2819 286 0.4
281 1 0.4
2820 1299 0.4
2820 2578 0.4
2822 702 0.4
2823 1221 0.4
2823 2764 0.4
2824 1239 0.4
2824 701 0.4
2825 1239 0.4
2825 701 0.4
2828 1 0.4
2828 103 0.4
2828 1239 0.4
2828 1668 0.4
2828 174 0.4
2828 1740 0.4
2828 1746 0.4
2828 1785 0.4
2828 2041 0.4
2828 209 0.4
2828 226 0.4
2828 2497 0.4
2828 2516 0.4
2828 2548 0.4
2828 2551 0.4
2828 2685 0.4
2828 293 0.4
2828 297 0.4
2828 32 0.4
2828 33 0.4
2828 378 0.4
2828 513 0.4
2828 577 0.4
2828 600 0.4
2828 683 0.4
2828 701 0.4
2830 1849 0.4
2830 2822 0.4
2830 702 0.4
2831 1653 0.4
2833 1653 0.4
2834 1653 0.4
2836 1653 0.4
2837 1653 0.4
2839 1653 0.4
2841 1653 0.4
2842 1653 0.4
2843 1653 0.4
2846 1653 0.4
2848 2148 0.4
2848 2683 0.4
2852 1755 0.4
2853 701 0.4
2856 1 0.4
2856 1239 0.4
2856 1849 0.4
2856 701 0.4
2856 702 0.4
2857 286 0.4
2863 1257 0.4
286 174 0.4
286 209 0.4
2874 1257 0.4
2874 1299 0.4
2875 2683 0.4
2876 702 0.4
2882 2551 0.4
2882 2828 0.4
2883 237 0.4
2883 2828 0.4
2895 2578 0.4
2895 2587 0.4
2897 2548 0.4
2899 1239 0.4
2899 701 0.4
2901 1829 0.4
2901 701 0.4
2905 701 0.4
2907 2497 0.4
2907 2498 0.4
2907 2500 0.4
2907 2501 0.4
2907 2503 0.4
2907 2504 0.4
2907 2505 0.4
2907 2506 0.4
2907 2508 0.4
2907 2520 0.4
2911 1239 0.4
2914 1 0.4
2914 101 0.4
2914 103 0.4
2914 1221 0.4
2914 1224 0.4
2914 1239 0.4
2914 174 0.4
2914 1740 0.4
2914 1746 0.4
2914 1755 0.4
2914 1798 0.4
2914 1833 0.4
2914 2041 0.4
2914 209 0.4
2914 226 0.4
2914 234 0.4
2914 237 0.4
2914 2497 0.4
2914 2510 0.4
2914 2514 0.4
2914 2516 0.4
2914 2518 0.4
2914 2548 0.4
2914 2551 0.4
2914 2568 0.4
2914 267 0.4
2914 2685 0.4
2914 278 0.4
2914 2818 0.4
2914 2828 0.4
2914 2907 0.4
2914 293 0.4
2914 297 0.4
2914 302 0.4
2914 33 0.4
2914 38 0.4
2914 568 0.4
2914 668 0.4
2914 683 0.4
2914 701 0.4
2914 8 0.4
2914 88 0.4
2915 151 0.4
2915 2497 0.4
2928 209 0.4
2928 701 0.4
2933 1239 0.4
2939 2711 0.4
293 1 0.4
293 103 0.4
293 145 0.4
293 16 0.4
293 160 0.4
293 188 0.4
293 195 0.4
293 209 0.4
293 237 0.4
293 291 0.4
293 292 0.4
293 3 0.4
293 38 0.4
293 43 0.4
293 45 0.4
293 50 0.4
293 59 0.4
293 68 0.4
2941 701 0.4
297 1 0.4
297 127 0.4
297 24 0.4
297 270 0.4
297 293 0.4
297 41 0.4
303 22 0.4
32 1 0.4
33 1 0.4
376 174 0.4
377 293 0.4
378 1 0.4
378 293 0.4
38 1 0.4
3 1 0.4
400 132 0.4
450 419 0.4
48 1 0.4
513 209 0.4
513 293 0.4
517 286 0.4
549 239 0.4
553 517 0.4
568 293 0.4
577 209 0.4
577 549 0.4
600 1 0.4
600 159 0.4
600 209 0.4
600 293 0.4
63 1 0.4
668 13 0.4
668 293 0.4
680 288 0.4
683 293 0.4
693 1 0.4
693 293 0.4
701 1 0.4
701 101 0.4
701 109 0.4
701 125 0.4
701 140 0.4
701 144 0.4
701 145 0.4
701 157 0.4
701 17 0.4
701 174 0.4
701 200 0.4
701 209 0.4
701 293 0.4
701 297 0.4
701 33 0.4
701 49 0.4
701 557 0.4
701 577 0.4
701 6 0.4
701 646 0.4
701 690 0.4
701 71 0.4
701 80 0.4
701 81 0.4
701 90 0.4
702 109 0.4
702 286 0.4
702 701 0.4
703 173 0.4
703 701 0.4
704 701 0.4
705 701 0.4
705 702 0.4
705 703 0.4
706 209 0.4
70 1 0.4
714 1 0.4
714 701 0.4
715 1 0.4
715 701 0.4
71 1 0.4
71 32 0.4
721 145 0.4
721 208 0.4
721 219 0.4
721 255 0.4
721 272 0.4
721 295 0.4
721 398 0.4
721 400 0.4
721 412 0.4
721 422 0.4
721 424 0.4
721 467 0.4
721 568 0.4
721 571 0.4
721 625 0.4
721 637 0.4
721 89 0.4
724 227 0.4
724 425 0.4
724 446 0.4
724 568 0.4
724 619 0.4
724 635 0.4
724 637 0.4
724 638 0.4
724 703 0.4
745 721 0.4
747 724 0.4
763 1 0.4
765 721 0.4
767 721 0.4
786 293 0.4
786 7 0.4
789 293 0.4
789 513 0.4
790 286 0.4
790 719 0.4
797 1 0.4
800 577 0.4
802 549 0.4
803 577 0.4
808 549 0.4
813 701 0.4
814 701 0.4
815 701 0.4
815 705 0.4
816 701 0.4
816 813 0.4
817 701 0.4
818 701 0.4
818 74 0.4
834 174 0.4
839 838 0.4
852 701 0.4
852 838 0.4
855 577 0.4
855 611 0.4
89 1 0.4
90 1 0.4
101 73 0.4
103 1 0.4
109 1 0.4
1103 103 0.4
1103 145 0.4
1103 293 0.4
1103 702 0.4
1104 1103 0.4
1124 1103 0.4
1126 1103 0.4
1130 286 0.4
1136 286 0.4
1140 1103 0.4
1140 1136 0.4
1200 1103 0.4
1200 1136 0.4
1206 145 0.4
1207 145 0.4
1213 702 0.4
1215 1 0.4
1221 1 0.4
1221 109 0.4
1221 151 0.4
1221 715 0.4
1224 38 0.4
1227 195 0.4
1236 1 0.4
1239 1 0.4
1239 101 0.4
1239 102 0.4
1239 109 0.4
1239 122 0.4
1239 157 0.4
1239 174 0.4
1239 209 0.4
1239 238 0.4
1239 243 0.4
1239 293 0.4
1239 297 0.4
1239 568 0.4
1239 577 0.4
1239 6 0.4
1239 600 0.4
1239 668 0.4
1239 701 0.4
1239 715 0.4
1239 721 0.4
1239 803 0.4
1239 81 0.4
1239 852 0.4
1249 145 0.4
1254 297 0.4
1257 702 0.4
1267 1 0.4
1270 517 0.4
1270 702 0.4
1273 286 0.4
1273 517 0.4
1275 680 0.4
1276 1 0.4
1280 701 0.4
1290 174 0.4
1294 701 0.4
1294 702 0.4
1295 701 0.4
1298 703 0.4
1299 1200 0.4
1299 1273 0.4
1299 1290 0.4
1299 286 0.4
1299 702 0.4
1309 1301 0.4
1309 775 0.4
1311 1 0.4
1321 690 0.4
1322 690 0.4
1323 690 0.4
1324 690 0.4
1325 690 0.4
1326 690 0.4
1327 690 0.4
1328 690 0.4
1330 690 0.4
1331 690 0.4
1332 690 0.4
1333 690 0.4
1334 377 0.4
1334 690 0.4
1335 1322 0.4
1341 1239 0.4
1341 701 0.4
1342 286 0.4
140 1 0.4
144 1 0.4
1451 721 0.4
1452 721 0.4
1456 721 0.4
1458 721 0.4
1459 721 0.4
145 12 0.4
145 14 0.4
145 20 0.4
145 26 0.4
145 3 0.4
145 46 0.4
145 70 0.4
145 88 0.4
145 98 0.4
1460 721 0.4
1461 745 0.4
1462 721 0.4
1463 721 0.4
1464 721 0.4
1466 721 0.4
1467 721 0.4
1468 721 0.4
1471 721 0.4
1472 721 0.4
1474 721 0.4
1475 721 0.4
1476 721 0.4
1477 721 0.4
1480 721 0.4
1482 721 0.4
1483 721 0.4
1484 721 0.4
1485 721 0.4
1488 721 0.4
1489 721 0.4
1491 721 0.4
1492 721 0.4
1494 721 0.4
1498 721 0.4
1499 721 0.4
1503 721 0.4
1504 721 0.4
1505 721 0.4
1507 721 0.4
1511 721 0.4
1521 721 0.4
1527 721 0.4
1531 721 0.4
1533 721 0.4
1545 721 0.4
157 1 0.4
1583 1580 0.4
1590 721 0.4
1591 209 0.4
1591 721 0.4
1597 721 0.4
1598 721 0.4
1600 724 0.4
1602 724 0.4
160 1 0.4
1637 724 0.4
1649 724 0.4
1653 1299 0.4
1653 702 0.4
1662 690 0.4
1663 701 0.4
1668 1 0.4
1668 1239 0.4
1668 209 0.4
1668 701 0.4
1668 703 0.4
1670 702 0.4
1673 1321 0.4
1673 1322 0.4
1673 1323 0.4
1673 1324 0.4
1673 1325 0.4
1673 1326 0.4
1673 1327 0.4
1673 1328 0.4
1673 1329 0.4
1673 1330 0.4
1673 1331 0.4
1673 1332 0.4
1673 1333 0.4
1673 1334 0.4
1673 1662 0.4
1673 1663 0.4
1673 1667 0.4
1673 1670 0.4
1673 701 0.4
1674 1673 0.4
1677 1665 0.4
1677 1673 0.4
1677 1675 0.4
1677 690 0.4
1678 701 0.4
1680 701 0.4
1680 702 0.4
1682 1668 0.4
1682 701 0.4
1687 1673 0.4
1691 1 0.4
1691 701 0.4
1691 852 0.4
1692 701 0.4
1694 1673 0.4
1695 1326 0.4
1698 1239 0.4
1698 1324 0.4
1698 701 0.4
1708 1309 0.4
1717 1309 0.4
1727 724 0.4
1733 568 0.4
1733 772 0.4
1740 1236 0.4
1740 1239 0.4
1740 174 0.4
1740 195 0.4
1740 293 0.4
1740 297 0.4
1740 568 0.4
1740 668 0.4
1740 701 0.4
1741 1739 0.4
1741 544 0.4
1741 565 0.4
1742 145 0.4
1742 209 0.4
1744 701 0.4
1746 1 0.4
1746 1239 0.4
1746 1740 0.4
1746 293 0.4
1749 297 0.4
174 1 0.4
174 71 0.4
1754 680 0.4
1755 1 0.4
1755 109 0.4
1755 1239 0.4
1755 1257 0.4
1755 1267 0.4
1755 1273 0.4
1755 1299 0.4
1755 174 0.4
1755 286 0.4
1755 701 0.4
1755 702 0.4
1757 1239 0.4
1757 209 0.4
1757 701 0.4
1759 1755 0.4
1759 701 0.4
1760 1239 0.4
1760 701 0.4
1760 99 0.4
1761 209 0.4
1763 701 0.4
1767 1239 0.4
1767 701 0.4
1784 1239 0.4
1784 701 0.4
1785 12 0.4
1785 1239 0.4
1785 14 0.4
1785 20 0.4
1785 26 0.4
1785 43 0.4
1789 1239 0.4
1790 1239 0.4
1791 1239 0.4
1800 1 0.4
1800 1239 0.4
1800 1257 0.4
1800 1740 0.4
1800 209 0.4
1800 293 0.4
1829 293 0.4
1830 1 0.4
1832 209 0.4
1833 1 0.4
1833 1221 0.4
1833 1239 0.4
1833 1299 0.4
1833 174 0.4
1833 701 0.4
1835 702 0.4
1836 286 0.4
1836 513 0.4
1836 559 0.4
1842 145 0.4
1842 293 0.4
1842 297 0.4
1842 715 0.4
1843 297 0.4
1849 1299 0.4
1849 702 0.4
1853 1113 0.4
1853 1114 0.4
1853 1117 0.4
1853 1119 0.4
1853 1120 0.4
1853 1205 0.4
1853 1755 0.4
1853 1776 0.4
1853 679 0.4
1853 760 0.4
1874 701 0.4
1874 721 0.4
1877 1800 0.4
1879 1800 0.4
1880 1257 0.4
1880 1755 0.4
1880 1800 0.4
1880 1877 0.4
1882 1880 0.4
1883 1880 0.4
1888 1103 0.4
1889 1270 0.4
1889 1273 0.4
1889 1290 0.4
1889 1755 0.4
1889 286 0.4
1890 702 0.4
1891 286 0.4
1897 286 0.4
1899 286 0.4
1899 789 0.4
189 1 0.4
1901 1120 0.4
1901 1273 0.4
1901 1776 0.4
1901 286 0.4
1901 679 0.4
1902 286 0.4
1903 286 0.4
1904 721 0.4
1909 195 0.4
1913 1 0.4
1913 1556 0.4
1913 1559 0.4
1913 1562 0.4
1913 1564 0.4
1913 1565 0.4
1913 1569 0.4
1913 1580 0.4
1913 1583 0.4
1913 1589 0.4
1913 1590 0.4
1913 1733 0.4
1913 450 0.4
1913 454 0.4
1913 509 0.4
1913 568 0.4
1913 655 0.4
1913 702 0.4
1913 721 0.4
1914 721 0.4
1928 1239 0.4
1940 261 0.4
194 145 0.4
1959 1913 0.4
1959 724 0.4
195 145 0.4
1968 209 0.4
1975 701 0.4
1982 701 0.4
1984 1913 0.4
1985 724 0.4
1989 724 0.4
1998 57 0.4
2003 701 0.4
200 1 0.4
2011 701 0.4
2012 1955 0.4
2015 1239 0.4
2019 701 0.4
201 1 0.4
2024 1 0.4
2028 702 0.4
202 1 0.4
2033 701 0.4
2036 1853 0.4
2041 1 0.4
2041 1239 0.4
2041 1740 0.4
2041 293 0.4
2041 701 0.4
2046 721 0.4
2047 1836 0.4
2047 702 0.4
2050 1239 0.4
2052 701 0.4
2089 779 0.4
2089 789 0.4
209 1 0.4
209 111 0.4
209 160 0.4
209 174 0.4
209 27 0.4
209 81 0.4
2107 1324 0.4
2110 1 0.4
2110 286 0.4
2110 702 0.4
2116 224 0.4
2116 286 0.4
2118 1299 0.4
2120 1257 0.4
2134 286 0.4
2140 701 0.4
2149 174 0.4
2150 209 0.4
2150 701 0.4
2154 209 0.4
2154 701 0.4
2163 237 0.4
2163 701 0.4
2165 701 0.4
2167 702 0.4
2170 1221 0.4
2173 701 0.4
217 57 0.4
2193 2060 0.4
2200 1300 0.4
2200 1303 0.4
2200 1304 0.4
2200 1305 0.4
2200 1307 0.4
2200 1717 0.4
2200 1719 0.4
2200 1720 0.4
2200 1723 0.4
2200 1935 0.4
2200 1936 0.4
2200 1939 0.4
2200 1940 0.4
2200 1942 0.4
2200 2088 0.4
2200 2188 0.4
2200 2193 0.4
2200 293 0.4
2200 776 0.4
2200 777 0.4
2200 779 0.4
2200 781 0.4
2200 789 0.4
2202 2200 0.4
2222 2200 0.4
2223 1309 0.4
2236 2200 0.4
2259 2200 0.4
2269 2200 0.4
226 1 0.4
226 127 0.4
226 31 0.4
2274 1746 0.4
2276 701 0.4
2277 1239 0.4
2277 701 0.4
232 1 0.4
2379 1239 0.4
2379 701 0.4
237 209 0.4
2380 1759 0.4
2381 1 0.4
2381 59 0.4
238 237 0.4
2418 2200 0.4
2457 1951 0.4
2457 2200 0.4
2477 2200 0.4
2478 2200 0.4
2493 174 0.4
2493 834 0.4
2494 760 0.4
2496 2495 0.4
2497 1 0.4
2497 109 0.4
2497 1239 0.4
2497 1740 0.4
2497 1746 0.4
2497 1800 0.4
2497 2041 0.4
2497 209 0.4
2497 293 0.4
2497 297 0.4
2497 33 0.4
2497 701 0.4
2497 703 0.4
2498 2497 0.4
2500 2497 0.4
2501 2500 0.4
2504 2500 0.4
2505 293 0.4
2506 2500 0.4
2508 2500 0.4
2509 2497 0.4
2510 2497 0.4
2511 1 0.4
2511 173 0.4
2511 2500 0.4
2513 2497 0.4
2513 2505 0.4
2514 2497 0.4
2515 2497 0.4
2516 1221 0.4
2516 1239 0.4
2516 1668 0.4
2516 202 0.4
2516 209 0.4
2516 2497 0.4
2516 2500 0.4
2516 2510 0.4
2516 2513 0.4
2516 2514 0.4
2516 701 0.4
2516 715 0.4
2518 2497 0.4
2518 2516 0.4
2519 2497 0.4
2519 2516 0.4
2521 174 0.4
2521 2497 0.4
2521 2514 0.4
2523 2497 0.4
2523 2513 0.4
2524 2521 0.4
2526 2497 0.4
2526 2516 0.4
2527 2497 0.4
2527 2516 0.4
2529 1239 0.4
2529 1299 0.4
2529 1755 0.4
2532 701 0.4
2534 701 0.4
2547 1955 0.4
2548 1 0.4
2548 1239 0.4
2548 1280 0.4
2548 1668 0.4
2548 174 0.4
2548 1740 0.4
2548 1746 0.4
2548 1785 0.4
2548 1800 0.4
2548 1833 0.4
2548 2041 0.4
2548 209 0.4
2548 237 0.4
2548 2497 0.4
2548 2516 0.4
2548 293 0.4
2548 297 0.4
2548 33 0.4
2548 568 0.4
2548 600 0.4
2548 668 0.4
2548 683 0.4
2548 701 0.4
2548 77 0.4
2551 1 0.4
2551 1239 0.4
2551 174 0.4
2551 1740 0.4
2551 1746 0.4
2551 2041 0.4
2551 209 0.4
2551 2497 0.4
2551 2548 0.4
2551 293 0.4
2551 297 0.4
2551 568 0.4
2551 668 0.4
2551 683 0.4
2551 701 0.4
2551 715 0.4
2552 145 0.4
2554 174 0.4
2554 2521 0.4
2554 2524 0.4
2559 1 0.4
2559 1674 0.4
2562 161 0.4
2562 701 0.4
2568 1740 0.4
2571 1740 0.4
2572 145 0.4
2572 209 0.4
2575 1239 0.4
2576 701 0.4
2578 2118 0.4
2578 701 0.4
2588 1299 0.4
2594 1267 0.4
2603 1653 0.4
2603 1741 0.4
2603 1755 0.4
2603 1835 0.4
2603 1880 0.4
2603 1887 0.4
2603 224 0.4
2603 293 0.4
2603 702 0.4
2607 1755 0.4
2612 1836 0.4
2629 1913 0.4
2632 1913 0.4
2637 1 0.4
2640 293 0.4
2641 195 0.4
2647 1103 0.4
2647 1273 0.4
2647 288 0.4
2647 701 0.4
2647 702 0.4
2647 703 0.4
2648 194 0.4
2650 745 0.4
2652 577 0.4
2652 820 0.4
2659 2652 0.4
2683 2148 0.4
2683 2643 0.4
2685 1 0.4
2685 1239 0.4
2685 1698 0.4
2685 174 0.4
2685 1842 0.4
2685 2041 0.4
2685 209 0.4
2685 237 0.4
2685 2497 0.4
2685 2548 0.4
2685 2551 0.4
2685 293 0.4
2685 297 0.4
2685 568 0.4
2685 701 0.4
2686 1299 0.4
2686 1899 0.4
2686 2134 0.4
2686 2685 0.4
2687 1221 0.4
2687 2497 0.4
2687 2685 0.4
2688 2685 0.4
2698 209 0.4
2698 2640 0.4
2701 2495 0.4
2706 703 0.4
2711 1239 0.4
2711 209 0.4
2711 2551 0.4
2712 701 0.4
2714 1 0.4
2715 1916 0.4
2716 1916 0.4
2746 1913 0.4
2746 724 0.4
2749 701 0.4
2752 1239 0.4
2752 701 0.4
2764 1221 0.4
2767 800 0.4
2767 808 0.4
279 1 0.4
2818 1290 0.4
2818 286 0.4
2818 702 0.4
2819 286 0.4
281 1 0.4
2820 1299 0.4
2820 2578 0.4
2822 702 0.4
2823 1221 0.4
2823 2764 0.4
2824 1239 0.4
2824 701 0.4
2825 1239 0.4
2825 701 0.4
2828 1 0.4
2828 103 0.4
2828 1239 0.4
2828 1668 0.4
2828 174 0.4
2828 1740 0.4
2828 1746 0.4
2828 1785 0.4
2828 2041 0.4
2828 209 0.4
2828 226 0.4
2828 2497 0.4
2828 2516 0.4
2828 2548 0.4
2828 2551 0.4
2828 2685 0.4
2828 293 0.4
2828 297 0.4
2828 32 0.4
2828 33 0.4
2828 378 0.4
2828 513 0.4
2828 577 0.4
2828 600 0.4
2828 683 0.4
2828 701 0.4
2830 1849 0.4
2830 2822 0.4
2830 702 0.4
2831 1653 0.4
2833 1653 0.4
2834 1653 0.4
2836 1653 0.4
2837 1653 0.4
2839 1653 0.4
2841 1653 0.4
2842 1653 0.4
2843 1653 0.4
2846 1653 0.4
2848 2148 0.4
2848 2683 0.4
2852 1755 0.4
2853 701 0.4
2856 1 0.4
2856 1239 0.4
2856 1849 0.4
2856 701 0.4
2856 702 0.4
2857 286 0.4
2863 1257 0.4
286 174 0.4
286 209 0.4
2874 1257 0.4
2874 1299 0.4
2875 2683 0.4
2876 702 0.4
2882 2551 0.4
2882 2828 0.4
2883 237 0.4
2883 2828 0.4
2895 2578 0.4
2895 2587 0.4
2897 2548 0.4
2899 1239 0.4
2899 701 0.4
2901 1829 0.4
2901 701 0.4
2905 701 0.4
2907 2497 0.4
2907 2498 0.4
2907 2500 0.4
2907 2501 0.4
2907 2503 0.4
2907 2504 0.4
2907 2505 0.4
2907 2506 0.4
2907 2508 0.4
2907 2520 0.4
2911 1239 0.4
2914 1 0.4
2914 101 0.4
2914 103 0.4
2914 1221 0.4
2914 1224 0.4
2914 1239 0.4
2914 174 0.4
2914 1740 0.4
2914 1746 0.4
2914 1755 0.4
2914 1798 0.4
2914 1833 0.4
2914 2041 0.4
2914 209 0.4
2914 226 0.4
2914 234 0.4
2914 237 0.4
2914 2497 0.4
2914 2510 0.4
2914 2514 0.4
2914 2516 0.4
2914 2518 0.4
2914 2548 0.4
2914 2551 0.4
2914 2568 0.4
2914 267 0.4
2914 2685 0.4
2914 278 0.4
2914 2818 0.4
2914 2828 0.4
2914 2907 0.4
2914 293 0.4
2914 297 0.4
2914 302 0.4
2914 33 0.4
2914 38 0.4
2914 568 0.4
2914 668 0.4
2914 683 0.4
2914 701 0.4
2914 8 0.4
2914 88 0.4
2915 151 0.4
2915 2497 0.4
2928 209 0.4
2928 701 0.4
2933 1239 0.4
2939 2711 0.4
293 1 0.4
293 103 0.4
293 145 0.4
293 16 0.4
293 160 0.4
293 188 0.4
293 195 0.4
293 209 0.4
293 237 0.4
293 291 0.4
293 292 0.4
293 3 0.4
293 38 0.4
293 43 0.4
293 45 0.4
293 50 0.4
293 59 0.4
293 68 0.4
2941 701 0.4
297 1 0.4
297 127 0.4
297 24 0.4
297 270 0.4
297 293 0.4
297 41 0.4
303 22 0.4
32 1 0.4
33 1 0.4
376 174 0.4
377 293 0.4
378 1 0.4
378 293 0.4
38 1 0.4
3 1 0.4
400 132 0.4
450 419 0.4
48 1 0.4
513 209 0.4
513 293 0.4
517 286 0.4
549 239 0.4
553 517 0.4
568 293 0.4
577 209 0.4
577 549 0.4
600 1 0.4
600 159 0.4
600 209 0.4
600 293 0.4
63 1 0.4
668 13 0.4
668 293 0.4
680 288 0.4
683 293 0.4
693 1 0.4
693 293 0.4
701 1 0.4
701 101 0.4
701 109 0.4
701 125 0.4
701 140 0.4
701 144 0.4
701 145 0.4
701 157 0.4
701 17 0.4
701 174 0.4
701 200 0.4
701 209 0.4
701 293 0.4
701 297 0.4
701 33 0.4
701 49 0.4
701 557 0.4
701 577 0.4
701 6 0.4
701 646 0.4
701 690 0.4
701 71 0.4
701 80 0.4
701 81 0.4
701 90 0.4
702 109 0.4
702 286 0.4
702 701 0.4
703 173 0.4
703 701 0.4
704 701 0.4
705 701 0.4
705 702 0.4
705 703 0.4
706 209 0.4
70 1 0.4
714 1 0.4
714 701 0.4
715 1 0.4
715 701 0.4
71 1 0.4
71 32 0.4
721 145 0.4
721 208 0.4
721 219 0.4
721 255 0.4
721 272 0.4
721 295 0.4
721 398 0.4
721 400 0.4
721 412 0.4
721 422 0.4
721 424 0.4
721 467 0.4
721 568 0.4
721 571 0.4
721 625 0.4
721 637 0.4
721 89 0.4
724 227 0.4
724 425 0.4
724 446 0.4
724 568 0.4
724 619 0.4
724 635 0.4
724 637 0.4
724 638 0.4
724 703 0.4
745 721 0.4
747 724 0.4
763 1 0.4
765 721 0.4
767 721 0.4
786 293 0.4
786 7 0.4
789 293 0.4
789 513 0.4
790 286 0.4
790 719 0.4
797 1 0.4
800 577 0.4
802 549 0.4
803 577 0.4
808 549 0.4
813 701 0.4
814 701 0.4
815 701 0.4
815 705 0.4
816 701 0.4
816 813 0.4
817 701 0.4
818 701 0.4
818 74 0.4
834 174 0.4
839 838 0.4
852 701 0.4
852 838 0.4
855 577 0.4
855 611 0.4
89 1 0.4
90 1 0.4
