1 40 0.1
1 2 1.0
1 3 1.0
1 4 0.3
1 5 0.2
1 6 0.7
1 7 0.1
1 8 1.0
1 9 1.0
1 10 0.3
1 11 0.2
1 12 0.7
1 13 0.1
1 14 1.0
1 15 1.0
1 16 0.3
1 17 0.2
1 36 0.7
2 3 0.3
2 5 1.0
2 6 1.0
2 11 0.8
2 17 0.6
2 39 0.4
2 43 1.0
3 7 0.5
3 8 0.5
3 12 0.5
3 23 0.5
3 33 0.5
3 44 0.5
4 7 0.5
4 8 0.5
4 10 0.6
4 1 0.3
6 11 1.0
6 36 1.0
6 35 0.8
6 21 0.4
6 31 1.0
6 17 0.3
6 19 0.5
6 9 1.0
6 14 0.4
6 15 0.7
6 2 0.2
6 3 0.3
6 4 0.7
6 7 0.1
6 8 1.0
6 9 0.4 
16 18 0.7
16 20 0.2
16 22 0.1
16 24 0.9
16 25 0.4
16 26 1.0
28 27 0.7
28 30 0.3
28 32 0.2
28 34 0.6
29 28 1.0
29 37 0.8
29 38 0.5
40 41 0.4
40 42 0.3
40 45 0.5
40 46 0.4
40 47 0.3
40 48 0.9
49 40 0.4
49 50 0.3
20 41 0.4
21 40 0.3
22 40 0.5
23 40 0.4
24 40 0.3
25 40 0.9
26 40 0.4
27 40 0.3
28 40 0.7
29 40 0.4
30 40 0.3