0 1 0.00298507
0 2 0.00298507
0 3 0.00298507
0 4 0.00298507
0 5 0.00298507
1 31 0.00298507
1 38 0.00895522
1 2 0.00895522
1 3 0.00298507
1 4 0.00298507
1 5 0.0179104
2 38 0.00597015
2 3 0.00298507
2 4 0.00298507
2 5 0.00895522
3 4 0.00298507
3 5 0.00298507
4 5 0.00298507
5 37 0.00298507
5 38 0.0238806
5 39 0.0149254
5 40 0.00895522
5 41 0.00298507
6 7 0.0119403
6 8 0.0567164
6 15 0.00298507
6 16 0.00298507
6 34 0.00597015
6 49 0.00298507
7 8 0.0149254
7 12 0.0626866
7 13 0.00597015
7 16 0.00597015
7 38 0.00298507
7 49 0.0179104
8 13 0.00298507
8 19 0.00298507
8 33 0.00298507
8 34 0.00298507
9 10 0.00597015
10 32 0.00298507
11 12 0.00298507
11 13 0.00298507
12 13 0.00298507
12 32 0.00298507
12 49 0.00597015
13 15 0.00298507
13 16 0.0865672
13 21 0.00298507
13 22 0.00895522
13 32 0.00895522
13 38 0.0537313
13 39 0.00298507
13 40 0.00298507
13 49 0.00597015
14 15 0.00298507
15 49 0.00895522
16 38 0.00298507
17 18 0.00298507
17 19 0.00298507
17 20 0.00298507
17 21 0.00298507
18 19 0.00298507
18 20 0.00298507
18 21 0.00895522
18 24 0.00597015
18 25 0.00597015
18 33 0.00597015
19 20 0.00298507
19 21 0.00298507